-0.000288 -0.002911 0.999996 0.004960 -0.000513 0.999988 0.004904 -0.000397 0.999988 -0.000303 -0.002879 0.999996 
-0.000263 -0.002652 0.999996 0.004505 -0.000467 0.999990 0.004455 -0.000361 0.999990 -0.000276 -0.002623 0.999997 
-0.000232 -0.002338 0.999997 0.004047 -0.000419 0.999992 0.004002 -0.000325 0.999992 -0.000244 -0.002312 0.999997 
-0.000205 -0.002070 0.999998 0.003637 -0.000377 0.999993 0.003598 -0.000292 0.999993 -0.000216 -0.002046 0.999998 
-0.000182 -0.001834 0.999998 0.003279 -0.000340 0.999995 0.003245 -0.000263 0.999995 -0.000191 -0.001813 0.999998 
-0.000161 -0.001626 0.999999 0.002946 -0.000305 0.999996 0.002915 -0.000236 0.999996 -0.000169 -0.001607 0.999999 
-0.000143 -0.001442 0.999999 0.002644 -0.000274 0.999996 0.002617 -0.000212 0.999997 -0.000150 -0.001425 0.999999 
-0.000128 -0.001291 0.999999 0.002370 -0.000246 0.999997 0.002346 -0.000190 0.999997 -0.000134 -0.001276 0.999999 
-0.000115 -0.001161 0.999999 0.002123 -0.000220 0.999998 0.002101 -0.000170 0.999998 -0.000121 -0.001147 0.999999 
-0.000104 -0.001049 0.999999 0.001901 -0.000197 0.999998 0.001881 -0.000153 0.999998 -0.000109 -0.001037 0.999999 
-0.000096 -0.000967 1.000000 0.001695 -0.000176 0.999999 0.001677 -0.000136 0.999999 -0.000101 -0.000956 1.000000 
-0.000085 -0.000858 1.000000 0.001506 -0.000156 0.999999 0.001490 -0.000121 0.999999 -0.000089 -0.000848 1.000000 
-0.000076 -0.000770 1.000000 0.001340 -0.000139 0.999999 0.001325 -0.000107 0.999999 -0.000080 -0.000762 1.000000 
-0.000296 -0.002970 0.999996 0.002464 -0.000256 0.999997 0.002402 -0.000196 0.999997 -0.000312 -0.002953 0.999996 
-0.001550 -0.014696 0.999891 0.002300 -0.000253 0.999997 0.001977 -0.000173 0.999998 -0.001638 -0.014672 0.999891 
-0.003447 -0.029037 0.999572 0.001919 -0.000236 0.999998 0.001274 -0.000128 0.999999 -0.003623 -0.029004 0.999573 
-0.004333 -0.034856 0.999383 0.002023 -0.000260 0.999998 0.001250 -0.000133 0.999999 -0.004545 -0.034817 0.999383 
-0.003102 -0.024933 0.999684 0.001895 -0.000244 0.999998 0.001343 -0.000143 0.999999 -0.003253 -0.024902 0.999685 
-0.001119 -0.009164 0.999957 0.001875 -0.000237 0.999998 0.001675 -0.000174 0.999999 -0.001174 -0.009146 0.999957 
-0.000257 -0.002104 0.999998 0.001779 -0.000225 0.999998 0.001736 -0.000180 0.999998 -0.000268 -0.002092 0.999998 
-0.011163 -0.001129 0.999937 0.001627 -0.000169 0.999999 0.002519 0.016009 0.999869 0.002234 -0.022430 0.999746 0.001752 -0.022717 0.999740 -0.003579 0.028112 0.999598 
-0.005739 -0.000579 0.999983 0.001617 -0.000168 0.999999 0.001525 0.009576 0.999953 0.002235 -0.022538 0.999743 0.001741 -0.022704 0.999741 -0.002143 0.016449 0.999862 
-0.000173 -0.000017 1.000000 0.003839 -0.000398 0.999993 0.001242 0.007798 0.999969 0.002229 -0.022407 0.999746 0.001729 -0.022448 0.999747 -0.001425 0.010954 0.999939 
-0.000079 -0.000008 1.000000 0.003786 -0.000391 0.999993 0.000658 0.004141 0.999991 0.002459 -0.024716 0.999691 0.001907 -0.024759 0.999692 -0.000868 0.006654 0.999977 
0.000001 0.000000 1.000000 0.004119 -0.000419 0.999991 0.000083 0.000528 1.000000 0.002826 -0.028403 0.999593 0.002191 -0.028450 0.999593 -0.000344 0.002611 0.999997 
0.000003 0.000000 1.000000 0.004741 -0.000476 0.999989 -0.000419 -0.002674 0.999996 0.003125 -0.031414 0.999502 0.002423 -0.031467 0.999502 0.000098 -0.000734 1.000000 
0.000002 0.000000 1.000000 0.005129 -0.000509 0.999987 -0.000880 -0.005641 0.999984 0.003353 -0.033705 0.999426 0.002600 -0.033761 0.999427 0.000524 -0.003920 0.999992 
-0.000000 -0.000000 1.000000 0.005323 -0.000524 0.999986 -0.001259 -0.008102 0.999966 0.003543 -0.035611 0.999359 0.002747 -0.035671 0.999360 0.000891 -0.006623 0.999978 
-0.000000 -0.000000 1.000000 0.005390 -0.000528 0.999985 -0.001519 -0.009796 0.999951 0.003701 -0.037199 0.999301 0.002869 -0.037262 0.999301 0.001149 -0.008519 0.999963 
0.000001 0.000000 1.000000 0.005317 -0.000519 0.999986 -0.001649 -0.010654 0.999942 0.003798 -0.038175 0.999264 0.002945 -0.038239 0.999264 0.001289 -0.009537 0.999954 
-0.000001 -0.000000 1.000000 0.005112 -0.000498 0.999987 -0.001669 -0.010791 0.999940 0.003828 -0.038469 0.999252 0.002967 -0.038533 0.999253 0.001325 -0.009798 0.999951 
0.000000 0.000000 1.000000 0.004839 -0.000471 0.999988 -0.001629 -0.010527 0.999943 0.003784 -0.038030 0.999269 0.002934 -0.038094 0.999270 0.001304 -0.009639 0.999953 
-0.000001 -0.000000 1.000000 0.004521 -0.000441 0.999990 -0.001529 -0.009880 0.999950 0.003677 -0.036952 0.999310 0.002851 -0.037014 0.999311 0.001226 -0.009063 0.999958 
-0.000000 -0.000000 1.000000 0.004116 -0.000401 0.999991 -0.001383 -0.008938 0.999959 0.003509 -0.035263 0.999372 0.002721 -0.035323 0.999372 0.001108 -0.008195 0.999966 
-0.000000 -0.000000 1.000000 0.003666 -0.000357 0.999993 -0.001155 -0.007463 0.999971 0.003288 -0.033038 0.999449 0.002549 -0.033094 0.999449 0.000911 -0.006742 0.999977 
0.000000 0.000000 1.000000 0.003216 -0.000314 0.999995 -0.000851 -0.005498 0.999985 0.003017 -0.030320 0.999536 0.002339 -0.030371 0.999536 0.000639 -0.004729 0.999989 
0.000001 0.000000 1.000000 0.002758 -0.000270 0.999996 -0.000477 -0.003080 0.999995 0.002707 -0.027204 0.999626 0.002099 -0.027250 0.999626 0.000297 -0.002202 0.999998 
-0.000001 -0.000000 1.000000 0.002264 -0.000222 0.999997 -0.000019 -0.000121 1.000000 0.002407 -0.024191 0.999704 0.001867 -0.024232 0.999705 -0.000124 0.000922 1.000000 
0.000000 0.000000 1.000000 0.001558 -0.000153 0.999999 0.000511 0.003288 0.999994 0.002119 -0.021288 0.999771 0.001643 -0.021324 0.999771 -0.000597 0.004447 0.999990 
-0.000000 -0.000000 1.000000 0.001343 -0.000132 0.999999 0.001082 0.006957 0.999975 0.001843 -0.018518 0.999827 0.001429 -0.018549 0.999827 -0.001144 0.008527 0.999963 
-0.000477 -0.000049 1.000000 0.001099 -0.000108 0.999999 0.001230 0.007887 0.999968 0.001826 -0.018193 0.999833 0.001420 -0.018234 0.999833 -0.001318 0.009861 0.999951 
-0.001902 -0.000196 0.999998 0.000426 -0.000042 1.000000 0.001289 0.008256 0.999965 0.001825 -0.018038 0.999836 0.001425 -0.018112 0.999835 -0.001476 0.011118 0.999937 
-0.002117 -0.000220 0.999998 0.000021 -0.000002 1.000000 0.001358 0.008708 0.999961 0.001668 -0.016363 0.999865 0.001306 -0.016439 0.999864 -0.001522 0.011603 0.999932 
-0.000595 -0.000062 1.000000 0.004741 -0.000468 0.999989 0.001521 0.009779 0.999951 0.001243 -0.012182 0.999925 0.000971 -0.012217 0.999925 -0.001812 0.014011 0.999900 
0.000964 0.000100 1.000000 0.003243 -0.000321 0.999995 0.001604 0.010256 0.999946 0.000903 -0.008865 0.999960 0.000703 -0.008858 0.999961 -0.001579 0.012520 0.999920 
0.002240 0.000232 0.999997 0.003247 -0.000321 0.999995 0.001685 0.010784 0.999940 0.000687 -0.006742 0.999977 0.000532 -0.006703 0.999977 -0.001510 0.012097 0.999926 
0.003110 0.000322 0.999995 0.005073 -0.000502 0.999987 0.001598 0.010245 0.999946 0.000665 -0.006535 0.999978 0.000514 -0.006476 0.999979 -0.001461 0.011706 0.999930 
0.003824 0.000397 0.999993 0.004447 -0.000441 0.999990 0.001607 0.010268 0.999946 0.000793 -0.007778 0.999969 0.000612 -0.007707 0.999970 -0.001352 0.010838 0.999940 
0.004413 0.000459 0.999990 0.005355 -0.000531 0.999986 0.001414 0.009020 0.999958 0.001034 -0.010126 0.999948 0.000800 -0.010045 0.999949 -0.001177 0.009390 0.999955 
0.003556 0.000369 0.999994 0.004945 -0.000490 0.999988 0.001279 0.008140 0.999966 0.001252 -0.012263 0.999924 0.000971 -0.012205 0.999925 -0.001114 0.008863 0.999960 
0.001278 0.000133 0.999999 0.007081 -0.000703 0.999975 0.000980 0.006268 0.999980 0.001423 -0.013960 0.999902 0.001109 -0.013956 0.999902 -0.001222 0.009659 0.999953 
0.000144 0.000015 1.000000 0.010293 -0.001019 0.999947 0.000543 0.003489 0.999994 0.001508 -0.014804 0.999889 0.001177 -0.014826 0.999889 -0.001148 0.009042 0.999958 
0.000138 0.000014 1.000000 0.009394 -0.000930 0.999955 0.000633 0.004066 0.999992 0.001579 -0.015500 0.999879 0.001232 -0.015524 0.999879 -0.001173 0.009241 0.999957 
0.000129 0.000013 1.000000 0.010370 -0.001024 0.999946 0.000540 0.003485 0.999994 0.001606 -0.015763 0.999874 0.001253 -0.015787 0.999875 -0.001156 0.009078 0.999958 
0.000121 0.000013 1.000000 0.014456 -0.001421 0.999894 0.000320 0.002079 0.999998 0.001587 -0.015579 0.999877 0.001239 -0.015603 0.999877 -0.001227 0.009554 0.999954 
0.000053 0.000005 1.000000 0.013338 -0.001311 0.999910 0.000420 0.002732 0.999996 0.001566 -0.015370 0.999881 0.001222 -0.015396 0.999881 -0.001257 0.009784 0.999951 
0.000030 0.000003 1.000000 0.013174 -0.001295 0.999912 0.000415 0.002705 0.999996 0.001549 -0.015201 0.999883 0.001209 -0.015226 0.999883 -0.001247 0.009685 0.999952 
0.000009 0.000001 1.000000 0.012988 -0.001276 0.999915 0.000404 0.002635 0.999996 0.001524 -0.014953 0.999887 0.001189 -0.014979 0.999887 -0.001228 0.009527 0.999954 
-0.000000 -0.000000 1.000000 0.011787 -0.001158 0.999930 0.000442 0.002882 0.999996 0.001495 -0.014663 0.999891 0.001167 -0.014689 0.999891 -0.001187 0.009207 0.999957 
0.000001 0.000000 1.000000 0.013492 -0.001323 0.999908 0.000326 0.002137 0.999998 0.001451 -0.014234 0.999898 0.001133 -0.014258 0.999898 -0.001194 0.009220 0.999957 
0.000001 0.000000 1.000000 0.013452 -0.001319 0.999909 0.000305 0.002007 0.999998 0.001414 -0.013864 0.999903 0.001104 -0.013888 0.999903 -0.001174 0.009050 0.999958 
0.000001 0.000000 1.000000 0.012199 -0.001196 0.999925 0.000350 0.002297 0.999997 0.001390 -0.013617 0.999906 0.001085 -0.013640 0.999906 -0.001135 0.008744 0.999961 
0.000000 0.000000 1.000000 0.011449 -0.001123 0.999934 0.000343 0.002255 0.999997 0.001376 -0.013481 0.999908 0.001075 -0.013504 0.999908 -0.001079 0.008316 0.999965 
-0.000000 -0.000000 1.000000 0.013919 -0.001363 0.999902 0.000211 0.001397 0.999999 0.001365 -0.013371 0.999910 0.001067 -0.013395 0.999910 -0.001120 0.008588 0.999962 
0.000000 0.000000 1.000000 0.012617 -0.001236 0.999920 0.000293 0.001938 0.999998 0.001343 -0.013145 0.999913 0.001049 -0.013168 0.999913 -0.001114 0.008543 0.999963 
-0.000000 -0.000000 1.000000 0.011069 -0.001085 0.999938 0.000358 0.002365 0.999997 0.001333 -0.013036 0.999914 0.001041 -0.013059 0.999914 -0.001073 0.008243 0.999965 
-0.000001 -0.000000 1.000000 0.010466 -0.001026 0.999945 0.000347 0.002294 0.999997 0.001327 -0.012981 0.999915 0.001037 -0.013004 0.999915 -0.001023 0.007855 0.999969 
0.000003 0.000000 1.000000 0.011181 -0.001095 0.999937 0.000293 0.001943 0.999998 0.001330 -0.012999 0.999915 0.001039 -0.013022 0.999915 -0.001020 0.007814 0.999969 
0.000001 0.000000 1.000000 0.010424 -0.001022 0.999945 0.000334 0.002209 0.999998 0.001336 -0.013051 0.999914 0.001044 -0.013074 0.999914 -0.001009 0.007733 0.999970 
0.000000 0.000000 1.000000 0.009472 -0.000928 0.999955 0.000386 0.002557 0.999997 0.001338 -0.013072 0.999914 0.001046 -0.013095 0.999914 -0.000998 0.007645 0.999970 
-0.000017 -0.000002 1.000000 0.007486 -0.000736 0.999972 0.000459 0.003038 0.999995 0.001342 -0.013102 0.999913 0.001049 -0.013125 0.999913 -0.000936 0.007198 0.999974 
0.000002 0.000000 1.000000 0.007348 -0.000722 0.999973 0.000463 0.003063 0.999995 0.001336 -0.013051 0.999914 0.001045 -0.013073 0.999914 -0.000929 0.007141 0.999974 
0.000000 0.000000 1.000000 0.006713 -0.000660 0.999977 0.000491 0.003251 0.999995 0.001324 -0.012929 0.999916 0.001035 -0.012951 0.999916 -0.000915 0.007034 0.999975 
0.000001 0.000000 1.000000 0.006151 -0.000605 0.999981 0.000516 0.003413 0.999994 0.001312 -0.012810 0.999917 0.001026 -0.012832 0.999917 -0.000902 0.006933 0.999976 
-0.000002 -0.000000 1.000000 0.009107 -0.000895 0.999958 0.000320 0.002127 0.999998 0.001301 -0.012699 0.999919 0.001017 -0.012722 0.999919 -0.000911 0.006970 0.999975 
0.000002 0.000000 1.000000 0.009943 -0.000976 0.999950 0.000261 0.001735 0.999998 0.001287 -0.012565 0.999920 0.001007 -0.012587 0.999920 -0.000910 0.006943 0.999975 
-0.000001 -0.000000 1.000000 0.010076 -0.000989 0.999949 0.000305 0.002032 0.999998 0.001270 -0.012393 0.999922 0.000993 -0.012415 0.999922 -0.000964 0.007350 0.999973 
0.000001 0.000000 1.000000 0.011021 -0.001081 0.999939 0.000234 0.001568 0.999999 0.001251 -0.012206 0.999925 0.000978 -0.012227 0.999925 -0.000960 0.007298 0.999973 
-0.000000 -0.000000 1.000000 0.009995 -0.000980 0.999950 0.000280 0.001872 0.999998 0.001235 -0.012046 0.999927 0.000966 -0.012067 0.999927 -0.000937 0.007125 0.999974 
0.000001 0.000000 1.000000 0.009078 -0.000891 0.999958 0.000324 0.002170 0.999998 0.001228 -0.011967 0.999928 0.000960 -0.011988 0.999928 -0.000921 0.006999 0.999975 
-0.000000 -0.000000 1.000000 0.008283 -0.000813 0.999965 0.000364 0.002438 0.999997 0.001224 -0.011931 0.999928 0.000958 -0.011951 0.999928 -0.000908 0.006901 0.999976 
-0.000000 -0.000000 1.000000 0.008231 -0.000808 0.999966 0.000371 0.002484 0.999997 0.001229 -0.011970 0.999928 0.000961 -0.011991 0.999928 -0.000912 0.006927 0.999976 
-0.000004 -0.000000 1.000000 0.009032 -0.000886 0.999959 0.000306 0.002056 0.999998 0.001237 -0.012049 0.999927 0.000968 -0.012070 0.999927 -0.000903 0.006846 0.999976 
0.000001 0.000000 1.000000 0.013735 -0.001347 0.999905 0.000085 0.000574 1.000000 0.001247 -0.012135 0.999926 0.000975 -0.012156 0.999926 -0.001006 0.007533 0.999971 
0.000000 0.000000 1.000000 0.014948 -0.001460 0.999887 -0.000016 -0.000107 1.000000 0.001231 -0.011982 0.999927 0.000963 -0.012003 0.999927 -0.000983 0.007364 0.999972 
-0.000001 -0.000000 1.000000 0.016323 -0.001593 0.999866 -0.000077 -0.000524 1.000000 0.001189 -0.011570 0.999932 0.000930 -0.011590 0.999932 -0.001017 0.007581 0.999971 
0.000000 0.000000 1.000000 0.013647 -0.001334 0.999906 0.000089 0.000605 1.000000 0.001131 -0.011005 0.999939 0.000885 -0.011024 0.999939 -0.001004 0.007510 0.999971 
-0.000000 -0.000000 1.000000 0.013517 -0.001321 0.999908 0.000064 0.000437 1.000000 0.001081 -0.010519 0.999944 0.000846 -0.010537 0.999944 -0.000972 0.007255 0.999973 
0.000000 0.000000 1.000000 0.012264 -0.001199 0.999924 0.000113 0.000772 1.000000 0.001063 -0.010334 0.999946 0.000832 -0.010352 0.999946 -0.000938 0.007004 0.999975 
-0.000000 -0.000000 1.000000 0.011200 -0.001095 0.999937 0.000158 0.001080 0.999999 0.001062 -0.010320 0.999946 0.000831 -0.010339 0.999946 -0.000913 0.006817 0.999976 
0.000000 0.000000 1.000000 0.010890 -0.001064 0.999940 0.000169 0.001158 0.999999 0.001056 -0.010265 0.999947 0.000827 -0.010283 0.999947 -0.000904 0.006746 0.999977 
0.000000 0.000000 1.000000 0.009891 -0.000967 0.999951 0.000218 0.001492 0.999999 0.001058 -0.010282 0.999947 0.000829 -0.010300 0.999947 -0.000887 0.006621 0.999978 
0.000001 0.000000 1.000000 0.012767 -0.001245 0.999918 0.000088 0.000608 1.000000 0.001050 -0.010201 0.999947 0.000822 -0.010219 0.999947 -0.000951 0.007060 0.999975 
0.000000 0.000000 1.000000 0.011591 -0.001131 0.999932 0.000141 0.000972 1.000000 0.001049 -0.010180 0.999948 0.000821 -0.010197 0.999948 -0.000927 0.006881 0.999976 
-0.000000 -0.000000 1.000000 0.011967 -0.001167 0.999928 0.000120 0.000830 1.000000 0.001049 -0.010180 0.999948 0.000822 -0.010198 0.999948 -0.000933 0.006907 0.999976 
0.000000 0.000000 1.000000 0.010904 -0.001064 0.999940 0.000168 0.001160 0.999999 0.001050 -0.010187 0.999948 0.000823 -0.010205 0.999948 -0.000911 0.006747 0.999977 
0.000001 0.000000 1.000000 0.009920 -0.000968 0.999950 0.000216 0.001487 0.999999 0.001058 -0.010247 0.999947 0.000829 -0.010265 0.999947 -0.000894 0.006621 0.999978 
0.000452 0.000048 1.000000 0.009441 -0.000921 0.999955 0.000293 0.002023 0.999998 0.001106 -0.010709 0.999942 0.000866 -0.010718 0.999942 -0.000894 0.006625 0.999978 
0.000402 0.000042 1.000000 0.011349 -0.001107 0.999935 0.000198 0.001374 0.999999 0.001109 -0.010734 0.999942 0.000869 -0.010744 0.999942 -0.000935 0.006887 0.999976 
0.000354 0.000037 1.000000 0.009806 -0.000956 0.999951 0.000204 0.001412 0.999999 0.001121 -0.010839 0.999941 0.000878 -0.010851 0.999941 -0.000837 0.006192 0.999980 
0.000307 0.000032 1.000000 0.008943 -0.000872 0.999960 0.000247 0.001704 0.999999 0.001121 -0.010834 0.999941 0.000878 -0.010847 0.999941 -0.000828 0.006127 0.999981 
0.000266 0.000028 1.000000 0.009286 -0.000905 0.999956 0.000210 0.001453 0.999999 0.001119 -0.010815 0.999941 0.000877 -0.010829 0.999941 -0.000819 0.006047 0.999981 
0.000226 0.000024 1.000000 0.008490 -0.000827 0.999964 0.000251 0.001738 0.999998 0.001121 -0.010828 0.999941 0.000878 -0.010842 0.999941 -0.000813 0.006001 0.999982 
0.000190 0.000020 1.000000 0.011666 -0.001134 0.999931 -0.000031 -0.000219 1.000000 0.001115 -0.010769 0.999941 0.000874 -0.010784 0.999941 -0.000736 0.005405 0.999985 
0.000169 0.000018 1.000000 0.014139 -0.001369 0.999899 -0.000097 -0.000677 1.000000 0.001099 -0.010611 0.999943 0.000861 -0.010626 0.999943 -0.000840 0.006136 0.999981 
0.000126 0.000013 1.000000 0.012594 -0.001219 0.999920 0.000078 0.000548 1.000000 0.001056 -0.010193 0.999947 0.000828 -0.010209 0.999948 -0.000929 0.006782 0.999977 
0.000102 0.000011 1.000000 0.013131 -0.001271 0.999913 0.000032 0.000223 1.000000 0.001017 -0.009821 0.999951 0.000798 -0.009836 0.999951 -0.000920 0.006703 0.999977 
0.000082 0.000009 1.000000 0.012749 -0.001233 0.999918 0.000019 0.000130 1.000000 0.000988 -0.009533 0.999954 0.000775 -0.009548 0.999954 -0.000882 0.006423 0.999979 
0.000072 0.000008 1.000000 0.014646 -0.001416 0.999892 -0.000101 -0.000716 1.000000 0.000964 -0.009301 0.999956 0.000756 -0.009316 0.999956 -0.000886 0.006420 0.999979 
0.000059 0.000006 1.000000 0.014487 -0.001400 0.999894 -0.000088 -0.000626 1.000000 0.000934 -0.009014 0.999959 0.000733 -0.009028 0.999959 -0.000891 0.006451 0.999979 
0.000050 0.000005 1.000000 0.013809 -0.001333 0.999904 -0.000045 -0.000322 1.000000 0.000922 -0.008894 0.999960 0.000723 -0.008908 0.999960 -0.000894 0.006462 0.999979 
0.000041 0.000004 1.000000 0.013916 -0.001348 0.999902 -0.000061 -0.000433 1.000000 0.000921 -0.008877 0.999960 0.000723 -0.008892 0.999960 -0.000886 0.006396 0.999979 
0.000037 0.000004 1.000000 0.013347 -0.001292 0.999910 -0.000038 -0.000268 1.000000 0.000915 -0.008819 0.999961 0.000718 -0.008834 0.999961 -0.000873 0.006299 0.999980 
0.000026 0.000003 1.000000 0.012112 -0.001173 0.999926 0.000013 0.000093 1.000000 0.000907 -0.008737 0.999961 0.000712 -0.008752 0.999961 -0.000845 0.006098 0.999981 
0.000017 0.000002 1.000000 0.011004 -0.001066 0.999939 0.000063 0.000451 1.000000 0.000910 -0.008759 0.999961 0.000714 -0.008774 0.999961 -0.000825 0.005955 0.999982 
0.000009 0.000001 1.000000 0.013655 -0.001319 0.999906 -0.000144 -0.001033 0.999999 0.000915 -0.008806 0.999961 0.000718 -0.008822 0.999961 -0.000780 0.005603 0.999984 
0.000008 0.000001 1.000000 0.015383 -0.001483 0.999881 -0.000178 -0.001281 0.999999 0.000898 -0.008644 0.999962 0.000705 -0.008659 0.999962 -0.000865 0.006180 0.999981 
0.000004 0.000000 1.000000 0.015159 -0.001457 0.999884 -0.000145 -0.001049 0.999999 0.000867 -0.008339 0.999965 0.000680 -0.008353 0.999965 -0.000888 0.006332 0.999980 
-0.000000 -0.000000 1.000000 0.013741 -0.001321 0.999905 -0.000094 -0.000675 1.000000 0.000848 -0.008152 0.999966 0.000665 -0.008166 0.999966 -0.000848 0.006051 0.999981 
0.000003 0.000000 1.000000 0.012709 -0.001223 0.999918 -0.000051 -0.000365 1.000000 0.000843 -0.008104 0.999967 0.000662 -0.008118 0.999967 -0.000825 0.005884 0.999982 
0.000001 0.000000 1.000000 0.011556 -0.001112 0.999933 0.000001 0.000005 1.000000 0.000845 -0.008123 0.999967 0.000664 -0.008137 0.999967 -0.000803 0.005728 0.999983 
0.000006 0.000001 1.000000 0.011898 -0.001144 0.999929 -0.000035 -0.000254 1.000000 0.000854 -0.008205 0.999966 0.000671 -0.008220 0.999966 -0.000787 0.005600 0.999984 
0.000004 0.000000 1.000000 0.015403 -0.001482 0.999880 -0.000287 -0.002093 0.999998 0.000862 -0.008269 0.999965 0.000677 -0.008283 0.999965 -0.000745 0.005268 0.999986 
0.000007 0.000001 1.000000 0.013974 -0.001344 0.999901 -0.000152 -0.001109 0.999999 0.000848 -0.008140 0.999967 0.000666 -0.008154 0.999967 -0.000801 0.005662 0.999984 
0.000000 0.000000 1.000000 0.012690 -0.001221 0.999919 -0.000092 -0.000668 1.000000 0.000830 -0.007966 0.999968 0.000652 -0.007980 0.999968 -0.000782 0.005527 0.999984 
0.000000 0.000000 1.000000 0.011967 -0.001152 0.999928 -0.000065 -0.000475 1.000000 0.000824 -0.007907 0.999968 0.000648 -0.007921 0.999968 -0.000762 0.005384 0.999985 
0.000001 0.000000 1.000000 0.010998 -0.001059 0.999939 -0.000012 -0.000091 1.000000 0.000824 -0.007898 0.999968 0.000647 -0.007912 0.999968 -0.000755 0.005334 0.999985 
0.000000 0.000000 1.000000 0.010409 -0.001003 0.999945 0.000038 0.000277 1.000000 0.000834 -0.007984 0.999968 0.000655 -0.007998 0.999968 -0.000773 0.005456 0.999985 
-0.000000 -0.000000 1.000000 0.009546 -0.000920 0.999954 0.000074 0.000541 1.000000 0.000835 -0.007996 0.999968 0.000656 -0.008010 0.999968 -0.000754 0.005325 0.999986 
-0.000000 -0.000000 1.000000 0.008759 -0.000844 0.999961 0.000108 0.000787 1.000000 0.000838 -0.008023 0.999967 0.000659 -0.008038 0.999967 -0.000738 0.005210 0.999986 
-0.000000 -0.000000 1.000000 0.009912 -0.000958 0.999950 0.000022 0.000163 1.000000 0.000842 -0.008057 0.999967 0.000662 -0.008071 0.999967 -0.000721 0.005079 0.999987 
0.000000 0.000000 1.000000 0.009104 -0.000880 0.999958 0.000059 0.000429 1.000000 0.000841 -0.008053 0.999967 0.000661 -0.008067 0.999967 -0.000706 0.004976 0.999987 
-0.000000 -0.000000 1.000000 0.008815 -0.000852 0.999961 0.000066 0.000479 1.000000 0.000841 -0.008043 0.999967 0.000661 -0.008057 0.999967 -0.000694 0.004890 0.999988 
0.000467 0.000050 1.000000 0.014156 -0.001363 0.999899 -0.000288 -0.002126 0.999998 0.000903 -0.008631 0.999962 0.000709 -0.008636 0.999962 -0.000605 0.004231 0.999991 
0.000409 0.000044 1.000000 0.012862 -0.001239 0.999917 -0.000160 -0.001183 0.999999 0.000884 -0.008447 0.999964 0.000694 -0.008453 0.999964 -0.000672 0.004696 0.999989 
0.000342 0.000036 1.000000 0.016771 -0.001610 0.999858 -0.000451 -0.003354 0.999994 0.000866 -0.008280 0.999965 0.000681 -0.008287 0.999965 -0.000611 0.004243 0.999991 
0.000308 0.000033 1.000000 0.015219 -0.001462 0.999883 -0.000249 -0.001855 0.999998 0.000837 -0.007998 0.999968 0.000658 -0.008006 0.999968 -0.000747 0.005188 0.999986 
0.000271 0.000029 1.000000 0.013795 -0.001325 0.999904 -0.000135 -0.001003 0.999999 0.000791 -0.007561 0.999971 0.000622 -0.007568 0.999971 -0.000788 0.005469 0.999985 
0.000239 0.000025 1.000000 0.012529 -0.001204 0.999921 -0.000087 -0.000648 1.000000 0.000780 -0.007450 0.999972 0.000613 -0.007458 0.999972 -0.000758 0.005266 0.999986 
0.000211 0.000022 1.000000 0.011390 -0.001094 0.999935 -0.000036 -0.000266 1.000000 0.000785 -0.007494 0.999972 0.000617 -0.007502 0.999972 -0.000742 0.005153 0.999986 
0.000190 0.000020 1.000000 0.012671 -0.001216 0.999919 -0.000142 -0.001061 0.999999 0.000783 -0.007470 0.999972 0.000615 -0.007479 0.999972 -0.000709 0.004906 0.999988 
0.000170 0.000018 1.000000 0.011537 -0.001107 0.999933 -0.000085 -0.000633 1.000000 0.000787 -0.007512 0.999971 0.000619 -0.007522 0.999972 -0.000699 0.004842 0.999988 
0.000149 0.000016 1.000000 0.010503 -0.001008 0.999944 -0.000036 -0.000268 1.000000 0.000792 -0.007545 0.999971 0.000623 -0.007556 0.999971 -0.000687 0.004756 0.999988 
0.000124 0.000013 1.000000 0.009634 -0.000925 0.999953 0.000005 0.000040 1.000000 0.000798 -0.007595 0.999971 0.000628 -0.007606 0.999971 -0.000677 0.004690 0.999989 
0.000104 0.000011 1.000000 0.011457 -0.001098 0.999934 -0.000145 -0.001089 0.999999 0.000811 -0.007713 0.999970 0.000638 -0.007725 0.999970 -0.000628 0.004337 0.999990 
0.000085 0.000009 1.000000 0.011346 -0.001088 0.999935 -0.000141 -0.001058 0.999999 0.000818 -0.007779 0.999969 0.000644 -0.007791 0.999969 -0.000628 0.004330 0.999990 
0.000063 0.000007 1.000000 0.010363 -0.000994 0.999946 -0.000086 -0.000649 1.000000 0.000824 -0.007838 0.999969 0.000649 -0.007851 0.999969 -0.000626 0.004320 0.999990 
0.000046 0.000005 1.000000 0.010896 -0.001044 0.999940 -0.000124 -0.000936 1.000000 0.000830 -0.007891 0.999969 0.000654 -0.007904 0.999969 -0.000621 0.004273 0.999991 
0.000031 0.000003 1.000000 0.011273 -0.001081 0.999936 -0.000129 -0.000970 1.000000 0.000835 -0.007938 0.999968 0.000658 -0.007952 0.999968 -0.000645 0.004433 0.999990 
0.000016 0.000002 1.000000 0.011610 -0.001114 0.999932 -0.000160 -0.001206 0.999999 0.000845 -0.008019 0.999967 0.000665 -0.008033 0.999968 -0.000632 0.004346 0.999990 
0.000005 0.000001 1.000000 0.013206 -0.001265 0.999912 -0.000283 -0.002142 0.999998 0.000840 -0.007975 0.999968 0.000662 -0.007990 0.999968 -0.000597 0.004090 0.999991 
0.000001 0.000000 1.000000 0.013442 -0.001287 0.999909 -0.000227 -0.001724 0.999998 0.000826 -0.007836 0.999969 0.000651 -0.007850 0.999969 -0.000684 0.004680 0.999989 
-0.000000 -0.000000 1.000000 0.013282 -0.001271 0.999911 -0.000175 -0.001331 0.999999 0.000795 -0.007544 0.999971 0.000627 -0.007558 0.999971 -0.000738 0.005042 0.999987 
0.000002 0.000000 1.000000 0.015354 -0.001466 0.999881 -0.000318 -0.002435 0.999997 0.000762 -0.007228 0.999974 0.000601 -0.007241 0.999974 -0.000709 0.004822 0.999988 
0.000003 0.000000 1.000000 0.014015 -0.001339 0.999901 -0.000181 -0.001384 0.999999 0.000718 -0.006801 0.999977 0.000566 -0.006813 0.999977 -0.000785 0.005341 0.999985 
0.000000 0.000000 1.000000 0.012734 -0.001217 0.999918 -0.000126 -0.000960 1.000000 0.000738 -0.006969 0.999975 0.000582 -0.006982 0.999975 -0.000763 0.005187 0.999986 
0.000000 0.000000 1.000000 0.011586 -0.001107 0.999932 -0.000080 -0.000613 1.000000 0.000733 -0.006919 0.999976 0.000578 -0.006931 0.999976 -0.000737 0.005010 0.999987 
0.000003 0.000000 1.000000 0.013768 -0.001314 0.999904 -0.000196 -0.001509 0.999999 0.000739 -0.006972 0.999975 0.000583 -0.006985 0.999975 -0.000751 0.005077 0.999987 
-0.000000 -0.000000 1.000000 0.012456 -0.001186 0.999922 -0.000154 -0.001184 0.999999 0.000745 -0.007025 0.999975 0.000588 -0.007038 0.999975 -0.000708 0.004794 0.999988 
0.000382 0.000041 1.000000 0.012438 -0.001184 0.999922 -0.000136 -0.001049 0.999999 0.000796 -0.007503 0.999972 0.000628 -0.007508 0.999972 -0.000684 0.004633 0.999989 
0.000351 0.000038 1.000000 0.013601 -0.001294 0.999907 -0.000182 -0.001407 0.999999 0.000801 -0.007552 0.999971 0.000632 -0.007558 0.999971 -0.000715 0.004828 0.999988 
0.000313 0.000034 1.000000 0.012996 -0.001236 0.999915 -0.000153 -0.001183 0.999999 0.000796 -0.007499 0.999972 0.000628 -0.007506 0.999972 -0.000713 0.004811 0.999988 
0.000273 0.000029 1.000000 0.011826 -0.001125 0.999929 -0.000103 -0.000799 1.000000 0.000793 -0.007468 0.999972 0.000626 -0.007475 0.999972 -0.000696 0.004696 0.999989 
0.000246 0.000027 1.000000 0.014272 -0.001356 0.999897 -0.000214 -0.001666 0.999999 0.000783 -0.007373 0.999973 0.000618 -0.007381 0.999973 -0.000737 0.004948 0.999987 
0.000221 0.000024 1.000000 0.014388 -0.001366 0.999896 -0.000203 -0.001582 0.999999 0.000763 -0.007182 0.999974 0.000602 -0.007190 0.999974 -0.000763 0.005118 0.999987 
0.000191 0.000021 1.000000 0.013068 -0.001241 0.999914 -0.000143 -0.001117 0.999999 0.000740 -0.006962 0.999975 0.000584 -0.006970 0.999976 -0.000747 0.005013 0.999987 
0.000171 0.000019 1.000000 0.015931 -0.001508 0.999872 -0.000361 -0.002830 0.999996 0.000727 -0.006829 0.999976 0.000574 -0.006837 0.999976 -0.000676 0.004512 0.999990 
0.000160 0.000017 1.000000 0.014459 -0.001369 0.999895 -0.000216 -0.001695 0.999999 0.000695 -0.006529 0.999978 0.000549 -0.006538 0.999978 -0.000759 0.005069 0.999987 
0.000138 0.000015 1.000000 0.013137 -0.001244 0.999913 -0.000167 -0.001311 0.999999 0.000671 -0.006297 0.999980 0.000530 -0.006305 0.999980 -0.000729 0.004866 0.999988 
0.000126 0.000014 1.000000 0.014237 -0.001346 0.999898 -0.000229 -0.001806 0.999998 0.000668 -0.006269 0.999980 0.000528 -0.006278 0.999980 -0.000730 0.004861 0.999988 
0.000105 0.000011 1.000000 0.012932 -0.001223 0.999916 -0.000173 -0.001358 0.999999 0.000667 -0.006249 0.999980 0.000527 -0.006258 0.999980 -0.000712 0.004736 0.999989 
0.000098 0.000011 1.000000 0.013547 -0.001280 0.999907 -0.000217 -0.001710 0.999999 0.000673 -0.006299 0.999980 0.000532 -0.006308 0.999980 -0.000700 0.004649 0.999989 
0.000085 0.000009 1.000000 0.012334 -0.001167 0.999923 -0.000158 -0.001244 0.999999 0.000683 -0.006397 0.999979 0.000540 -0.006407 0.999979 -0.000690 0.004585 0.999989 
0.000078 0.000008 1.000000 0.013787 -0.001302 0.999904 -0.000262 -0.002079 0.999998 0.000690 -0.006458 0.999979 0.000546 -0.006468 0.999979 -0.000659 0.004366 0.999990 
0.000066 0.000007 1.000000 0.013375 -0.001263 0.999910 -0.000217 -0.001724 0.999998 0.000687 -0.006426 0.999979 0.000543 -0.006437 0.999979 -0.000690 0.004570 0.999989 
0.000053 0.000006 1.000000 0.016405 -0.001544 0.999864 -0.000448 -0.003582 0.999993 0.000687 -0.006426 0.999979 0.000544 -0.006437 0.999979 -0.000605 0.003980 0.999992 
0.000047 0.000005 1.000000 0.014896 -0.001403 0.999888 -0.000324 -0.002592 0.999997 0.000676 -0.006315 0.999980 0.000535 -0.006326 0.999980 -0.000661 0.004352 0.999990 
0.000040 0.000004 1.000000 0.013527 -0.001274 0.999908 -0.000221 -0.001764 0.999998 0.000652 -0.006081 0.999981 0.000516 -0.006091 0.999981 -0.000700 0.004612 0.999989 
0.000025 0.000003 1.000000 0.012296 -0.001158 0.999924 -0.000175 -0.001395 0.999999 0.000649 -0.006046 0.999982 0.000514 -0.006057 0.999982 -0.000673 0.004434 0.999990 
0.000023 0.000003 1.000000 0.015546 -0.001459 0.999878 -0.000427 -0.003441 0.999994 0.000640 -0.005959 0.999982 0.000506 -0.005969 0.999982 -0.000570 0.003733 0.999993 
0.000020 0.000002 1.000000 0.014114 -0.001325 0.999900 -0.000312 -0.002517 0.999997 0.000625 -0.005822 0.999983 0.000495 -0.005832 0.999983 -0.000621 0.004068 0.999992 
0.000018 0.000002 1.000000 0.016690 -0.001562 0.999859 -0.000461 -0.003743 0.999993 0.000604 -0.005616 0.999984 0.000478 -0.005626 0.999984 -0.000606 0.003954 0.999992 
0.000017 0.000002 1.000000 0.016974 -0.001583 0.999855 -0.000398 -0.003242 0.999995 0.000575 -0.005337 0.999986 0.000455 -0.005346 0.999986 -0.000715 0.004651 0.999989 
0.000016 0.000002 1.000000 0.016620 -0.001549 0.999861 -0.000359 -0.002930 0.999996 0.000538 -0.004990 0.999987 0.000426 -0.004999 0.999987 -0.000743 0.004827 0.999988 
0.000008 0.000001 1.000000 0.015080 -0.001406 0.999885 -0.000312 -0.002547 0.999997 0.000514 -0.004767 0.999989 0.000407 -0.004775 0.999989 -0.000694 0.004507 0.999990 
0.000003 0.000000 1.000000 0.013688 -0.001277 0.999905 -0.000264 -0.002157 0.999998 0.000504 -0.004676 0.999989 0.000400 -0.004685 0.999989 -0.000657 0.004267 0.999991 
0.000027 0.000003 1.000000 0.017207 -0.001600 0.999851 -0.000506 -0.004169 0.999991 0.000511 -0.004735 0.999989 0.000405 -0.004743 0.999989 -0.000575 0.003713 0.999993 
0.000058 0.000006 1.000000 0.017789 -0.001646 0.999840 -0.000505 -0.004178 0.999991 0.000502 -0.004653 0.999989 0.000398 -0.004660 0.999989 -0.000614 0.003958 0.999992 
0.000056 0.000006 1.000000 0.016166 -0.001496 0.999868 -0.000368 -0.003047 0.999995 0.000486 -0.004490 0.999990 0.000385 -0.004497 0.999990 -0.000687 0.004429 0.999990 
0.000046 0.000005 1.000000 0.014843 -0.001374 0.999889 -0.000317 -0.002621 0.999997 0.000467 -0.004320 0.999991 0.000371 -0.004327 0.999991 -0.000662 0.004267 0.999991 
0.000088 0.000010 1.000000 0.013482 -0.001248 0.999908 -0.000266 -0.002200 0.999998 0.000469 -0.004331 0.999991 0.000372 -0.004337 0.999991 -0.000627 0.004041 0.999992 
0.000073 0.000008 1.000000 0.012297 -0.001139 0.999924 -0.000224 -0.001851 0.999998 0.000472 -0.004353 0.999990 0.000374 -0.004359 0.999990 -0.000600 0.003864 0.999992 
0.000070 0.000008 1.000000 0.013031 -0.001206 0.999914 -0.000274 -0.002274 0.999997 0.000483 -0.004455 0.999990 0.000383 -0.004461 0.999990 -0.000583 0.003750 0.999993 
0.000054 0.000006 1.000000 0.011896 -0.001101 0.999929 -0.000226 -0.001877 0.999998 0.000495 -0.004560 0.999989 0.000393 -0.004567 0.999989 -0.000567 0.003651 0.999993 
0.000038 0.000004 1.000000 0.010849 -0.001004 0.999941 -0.000189 -0.001570 0.999999 0.000518 -0.004770 0.999988 0.000412 -0.004778 0.999988 -0.000543 0.003495 0.999994 
0.000023 0.000003 1.000000 0.009985 -0.000924 0.999950 -0.000168 -0.001392 0.999999 0.000536 -0.004929 0.999988 0.000426 -0.004937 0.999988 -0.000510 0.003283 0.999994 
0.000012 0.000001 1.000000 0.009244 -0.000856 0.999957 -0.000158 -0.001311 0.999999 0.000554 -0.005095 0.999987 0.000440 -0.005105 0.999987 -0.000469 0.003019 0.999995 
0.000003 0.000000 1.000000 0.008743 -0.000809 0.999961 -0.000163 -0.001349 0.999999 0.000571 -0.005250 0.999986 0.000454 -0.005260 0.999986 -0.000425 0.002738 0.999996 
-0.000000 -0.000000 1.000000 0.009954 -0.000921 0.999950 -0.000279 -0.002316 0.999997 0.000597 -0.005487 0.999985 0.000475 -0.005497 0.999985 -0.000350 0.002250 0.999997 
-0.000000 -0.000000 1.000000 0.009288 -0.000859 0.999956 -0.000270 -0.002243 0.999997 0.000622 -0.005712 0.999983 0.000495 -0.005722 0.999984 -0.000312 0.002005 0.999998 
