0.000168 -0.000292 1.000000 -0.000392 -0.000223 1.000000 -0.000392 -0.000227 1.000000 0.000167 -0.000305 1.000000 
-0.000172 0.000299 1.000000 0.001276 0.000727 0.999999 0.001273 0.000736 0.999999 -0.000181 0.000331 1.000000 
-0.000163 0.000283 1.000000 0.001152 0.000656 0.999999 0.001149 0.000664 0.999999 -0.000171 0.000312 1.000000 
-0.000160 0.000277 1.000000 0.001036 0.000590 0.999999 0.001034 0.000598 0.999999 -0.000166 0.000304 1.000000 
-0.000162 0.000282 1.000000 0.000924 0.000527 0.999999 0.000923 0.000533 0.999999 -0.000167 0.000306 1.000000 
-0.000150 0.000260 1.000000 0.000826 0.000471 1.000000 0.000825 0.000477 1.000000 -0.000154 0.000282 1.000000 
0.000382 -0.000663 1.000000 -0.000155 -0.000088 1.000000 -0.000158 -0.000091 1.000000 0.000369 -0.000675 1.000000 
0.000051 -0.000088 1.000000 -0.000565 -0.000322 1.000000 -0.000563 -0.000325 1.000000 0.000056 -0.000102 1.000000 
-0.000011 0.000020 1.000000 -0.000596 -0.000339 1.000000 -0.000594 -0.000343 1.000000 -0.000004 0.000007 1.000000 
-0.000478 0.000831 1.000000 -0.002321 -0.001321 0.999996 -0.002307 -0.001332 0.999996 -0.000431 0.000789 1.000000 
0.001429 -0.002486 0.999996 -0.003365 -0.001914 0.999993 -0.003369 -0.001944 0.999992 0.001414 -0.002593 0.999996 
0.001298 -0.002259 0.999997 -0.004335 -0.002466 0.999988 -0.004333 -0.002500 0.999987 0.001300 -0.002385 0.999996 
0.001831 -0.003193 0.999993 -0.003726 -0.002115 0.999991 -0.003733 -0.002149 0.999991 0.001804 -0.003317 0.999993 
0.001081 -0.001874 0.999998 -0.003199 -0.001826 0.999993 -0.003200 -0.001853 0.999993 0.001078 -0.001969 0.999997 
0.000168 -0.000292 1.000000 -0.002333 -0.001334 0.999996 -0.002327 -0.001350 0.999996 0.000191 -0.000348 1.000000 
-0.000692 0.001201 0.999999 -0.004077 -0.002325 0.999989 -0.004056 -0.002346 0.999989 -0.000615 0.001124 0.999999 
-0.000555 0.000963 0.999999 -0.005684 -0.003241 0.999979 -0.005658 -0.003272 0.999979 -0.000463 0.000847 1.000000 
-0.000415 0.000742 1.000000 -0.021184 -0.011731 0.999707 -0.021108 -0.011858 0.999707 -0.000145 0.000274 1.000000 
0.000001 -0.000003 1.000000 -0.037809 -0.020264 0.999079 -0.037685 -0.020495 0.999079 0.000438 -0.000854 1.000000 
0.002013 -0.003621 0.999991 -0.030649 -0.016858 0.999388 -0.030568 -0.017058 0.999387 0.002295 -0.004354 0.999988 
0.002247 -0.003622 0.999991 -0.021298 -0.013082 0.999688 -0.021240 -0.013226 0.999687 0.002449 -0.004151 0.999988 
0.002118 -0.003252 0.999992 -0.007122 -0.004595 0.999964 -0.007114 -0.004651 0.999964 0.002145 -0.003459 0.999992 
0.000104 -0.000132 1.000000 0.002575 -0.004206 0.999988 -0.001853 -0.001523 0.999997 -0.006411 -0.003652 0.999973 -0.001884 -0.001479 0.999997 -0.004281 -0.004028 0.999983 
-0.001405 0.001798 0.999997 0.002279 -0.003743 0.999990 -0.004025 -0.003304 0.999986 -0.008089 -0.004601 0.999957 -0.004138 -0.003246 0.999986 -0.004762 -0.004477 0.999979 
-0.001214 0.001563 0.999998 0.002035 -0.003377 0.999992 -0.003872 -0.003158 0.999988 -0.009091 -0.005154 0.999945 -0.003977 -0.003099 0.999987 -0.005932 -0.005560 0.999967 
-0.000253 0.000328 1.000000 0.001929 -0.003233 0.999993 -0.004625 -0.003740 0.999982 -0.009457 -0.005346 0.999941 -0.004716 -0.003643 0.999982 -0.007054 -0.006594 0.999953 
-0.000204 0.000266 1.000000 0.001846 -0.003117 0.999993 -0.004392 -0.003533 0.999984 -0.009685 -0.005462 0.999938 -0.004477 -0.003439 0.999984 -0.007341 -0.006847 0.999950 
0.000232 -0.000304 1.000000 0.001842 -0.003120 0.999993 -0.004705 -0.003774 0.999982 -0.009028 -0.005087 0.999946 -0.004782 -0.003664 0.999982 -0.007098 -0.006613 0.999953 
0.000208 -0.000273 1.000000 0.001766 -0.002990 0.999994 -0.004253 -0.003411 0.999985 -0.008240 -0.004644 0.999955 -0.004323 -0.003312 0.999985 -0.006426 -0.005989 0.999961 
0.000189 -0.000248 1.000000 0.001721 -0.002910 0.999994 -0.003831 -0.003073 0.999988 -0.006807 -0.003839 0.999969 -0.003894 -0.002983 0.999988 -0.005164 -0.004816 0.999975 
0.000293 -0.000384 1.000000 0.001869 -0.003152 0.999993 -0.003236 -0.002595 0.999991 -0.004832 -0.002730 0.999985 -0.003286 -0.002516 0.999991 -0.003407 -0.003182 0.999989 
-0.002442 -0.001382 0.999996 0.001988 -0.003343 0.999992 0.000217 -0.000285 1.000000 -0.002723 -0.002181 0.999994 -0.002766 -0.002116 0.999994 -0.001160 -0.001085 0.999999 
-0.001441 -0.000817 0.999999 0.002016 -0.003387 0.999992 0.000093 -0.000123 1.000000 -0.001572 -0.001255 0.999998 -0.001597 -0.001218 0.999998 -0.000164 -0.000154 1.000000 
-0.000856 -0.000485 1.000000 0.001942 -0.003262 0.999993 0.000650 -0.000858 0.999999 -0.000242 -0.000193 1.000000 -0.000228 -0.000173 1.000000 -0.000132 -0.000124 1.000000 
0.000856 0.000485 1.000000 0.003713 -0.006240 0.999974 0.001684 -0.002228 0.999996 0.001850 0.001469 0.999997 0.001932 0.001466 0.999997 0.001592 0.001493 0.999998 
0.001765 0.001001 0.999998 0.003525 -0.005924 0.999976 0.002720 -0.003602 0.999990 0.004034 0.003202 0.999987 0.004186 0.003173 0.999986 0.001458 0.001368 0.999998 
0.002440 0.001384 0.999996 0.003324 -0.005586 0.999979 0.003477 -0.004606 0.999983 0.005903 0.004683 0.999972 0.006110 0.004630 0.999971 0.001332 0.001250 0.999998 
0.003162 0.001794 0.999993 0.003815 -0.006411 0.999972 0.003993 -0.005295 0.999978 0.007175 0.005688 0.999958 0.007420 0.005617 0.999957 0.001842 0.001729 0.999997 
0.002371 0.001347 0.999996 0.005439 -0.009147 0.999943 0.004340 -0.005761 0.999974 0.007809 0.006184 0.999950 0.008075 0.006107 0.999949 0.001816 0.001706 0.999997 
0.002534 0.001439 0.999996 0.004976 -0.008368 0.999953 0.004345 -0.005770 0.999974 0.008124 0.006430 0.999946 0.008396 0.006346 0.999945 0.001682 0.001580 0.999997 
0.002495 0.001417 0.999996 0.004574 -0.007693 0.999960 0.004163 -0.005532 0.999976 0.008095 0.006404 0.999947 0.008361 0.006317 0.999945 0.001556 0.001461 0.999998 
0.002334 0.001325 0.999996 0.004203 -0.007068 0.999966 0.003870 -0.005143 0.999979 0.007829 0.006192 0.999950 0.008082 0.006104 0.999949 0.001429 0.001342 0.999998 
0.002004 0.001138 0.999997 0.003856 -0.006485 0.999972 0.003400 -0.004520 0.999984 0.007361 0.005821 0.999956 0.007592 0.005733 0.999955 0.001308 0.001229 0.999998 
0.001574 0.000894 0.999998 0.003484 -0.005858 0.999977 0.002791 -0.003710 0.999989 0.006727 0.005318 0.999963 0.006929 0.005231 0.999962 0.001194 0.001121 0.999999 
0.001101 0.000625 0.999999 0.003063 -0.005151 0.999982 0.002093 -0.002783 0.999994 0.005959 0.004710 0.999971 0.006127 0.004624 0.999971 0.001085 0.001019 0.999999 
0.001007 0.000572 0.999999 0.002992 -0.005033 0.999983 0.001310 -0.001744 0.999998 0.005139 0.004058 0.999979 0.005268 0.003973 0.999978 0.001581 0.001485 0.999998 
0.000336 0.000191 1.000000 0.002703 -0.004546 0.999986 0.000546 -0.000727 1.000000 0.004275 0.003374 0.999985 0.004367 0.003291 0.999985 0.001428 0.001341 0.999998 
-0.000071 -0.000040 1.000000 0.002444 -0.004111 0.999989 0.000079 -0.000105 1.000000 0.003272 0.002582 0.999991 0.003332 0.002511 0.999991 0.001290 0.001212 0.999998 
-0.000496 -0.000281 1.000000 0.003108 -0.005231 0.999981 0.000039 -0.000052 1.000000 0.002440 0.001925 0.999995 0.002484 0.001872 0.999995 0.001340 0.001259 0.999998 
-0.000474 -0.000269 1.000000 0.002835 -0.004772 0.999985 0.000022 -0.000029 1.000000 0.001694 0.001337 0.999998 0.001725 0.001300 0.999998 0.001216 0.001142 0.999999 
-0.000992 -0.000565 0.999999 0.004367 -0.007351 0.999963 -0.000024 0.000033 1.000000 0.000993 0.000784 0.999999 0.001010 0.000761 0.999999 0.001691 0.001592 0.999997 
-0.001473 -0.000838 0.999999 0.004244 -0.007151 0.999965 -0.000001 0.000002 1.000000 0.000440 0.000347 1.000000 0.000448 0.000337 1.000000 0.001181 0.001111 0.999999 
-0.001389 -0.000790 0.999999 0.003969 -0.006689 0.999970 -0.000000 0.000001 1.000000 0.000230 0.000182 1.000000 0.000234 0.000176 1.000000 0.001095 0.001030 0.999999 
-0.001509 -0.000859 0.999998 0.004076 -0.006870 0.999968 -0.000002 0.000003 1.000000 0.000157 0.000124 1.000000 0.000160 0.000121 1.000000 0.001053 0.000991 0.999999 
-0.001438 -0.000818 0.999999 0.003833 -0.006462 0.999972 -0.000005 0.000006 1.000000 0.000155 0.000123 1.000000 0.000158 0.000119 1.000000 0.000976 0.000918 0.999999 
-0.001382 -0.000786 0.999999 0.003622 -0.006105 0.999975 -0.000007 0.000010 1.000000 0.000189 0.000149 1.000000 0.000192 0.000145 1.000000 0.000904 0.000851 0.999999 
-0.001285 -0.000731 0.999999 0.003370 -0.005680 0.999978 0.000007 -0.000009 1.000000 0.000220 0.000174 1.000000 0.000225 0.000169 1.000000 0.000831 0.000782 0.999999 
-0.001209 -0.000688 0.999999 0.003137 -0.005287 0.999981 -0.000001 0.000002 1.000000 0.000307 0.000242 1.000000 0.000312 0.000235 1.000000 0.000768 0.000722 0.999999 
-0.001153 -0.000656 0.999999 0.002948 -0.004969 0.999983 -0.000002 0.000003 1.000000 0.000368 0.000290 1.000000 0.000374 0.000282 1.000000 0.000708 0.000666 1.000000 
-0.000922 -0.000525 0.999999 0.003460 -0.005833 0.999977 -0.000030 0.000040 1.000000 0.000606 0.000478 1.000000 0.000615 0.000464 1.000000 0.001231 0.001158 0.999999 
-0.000906 -0.000516 0.999999 0.003262 -0.005499 0.999980 -0.000027 0.000036 1.000000 0.000601 0.000475 1.000000 0.000611 0.000461 1.000000 0.001128 0.001061 0.999999 
-0.000891 -0.000507 0.999999 0.003082 -0.005197 0.999982 -0.000025 0.000033 1.000000 0.000578 0.000456 1.000000 0.000588 0.000443 1.000000 0.001034 0.000973 0.999999 
-0.000881 -0.000501 0.999999 0.002931 -0.004942 0.999983 0.000056 -0.000075 1.000000 0.000553 0.000436 1.000000 0.000564 0.000425 1.000000 0.000891 0.000838 0.999999 
-0.002090 -0.001191 0.999997 0.004908 -0.008279 0.999954 0.000037 -0.000050 1.000000 0.000466 0.000368 1.000000 0.000475 0.000358 1.000000 0.000995 0.000937 0.999999 
-0.001957 -0.001116 0.999997 0.004592 -0.007746 0.999959 0.000041 -0.000055 1.000000 0.000419 0.000331 1.000000 0.000428 0.000322 1.000000 0.000924 0.000870 0.999999 
-0.001839 -0.001048 0.999998 0.004281 -0.007222 0.999965 0.000031 -0.000042 1.000000 0.000430 0.000339 1.000000 0.000438 0.000330 1.000000 0.000855 0.000805 0.999999 
-0.002468 -0.001408 0.999996 0.005305 -0.008953 0.999946 0.000019 -0.000025 1.000000 0.000371 0.000293 1.000000 0.000378 0.000285 1.000000 0.000908 0.000856 0.999999 
-0.002306 -0.001316 0.999996 0.004948 -0.008350 0.999953 0.000013 -0.000017 1.000000 0.000349 0.000275 1.000000 0.000355 0.000268 1.000000 0.000846 0.000798 0.999999 
-0.002164 -0.001235 0.999997 0.004655 -0.007856 0.999958 0.000076 -0.000101 1.000000 0.000360 0.000284 1.000000 0.000369 0.000278 1.000000 0.000751 0.000709 0.999999 
-0.002854 -0.001630 0.999995 0.005806 -0.009802 0.999935 0.000062 -0.000082 1.000000 0.000320 0.000252 1.000000 0.000327 0.000246 1.000000 0.000826 0.000779 0.999999 
-0.002664 -0.001522 0.999995 0.005425 -0.009157 0.999943 0.000088 -0.000118 1.000000 0.000309 0.000244 1.000000 0.000317 0.000239 1.000000 0.000749 0.000707 0.999999 
-0.002471 -0.001411 0.999996 0.005041 -0.008509 0.999951 0.000077 -0.000103 1.000000 0.000292 0.000231 1.000000 0.000300 0.000226 1.000000 0.000705 0.000665 1.000000 
-0.002345 -0.001340 0.999996 0.004775 -0.008060 0.999956 0.000097 -0.000129 1.000000 0.000299 0.000236 1.000000 0.000308 0.000232 1.000000 0.000644 0.000608 1.000000 
-0.002242 -0.001281 0.999997 0.004538 -0.007660 0.999960 0.000083 -0.000111 1.000000 0.000286 0.000226 1.000000 0.000293 0.000221 1.000000 0.000608 0.000574 1.000000 
-0.002149 -0.001227 0.999997 0.004327 -0.007304 0.999964 0.000071 -0.000094 1.000000 0.000277 0.000219 1.000000 0.000284 0.000214 1.000000 0.000576 0.000544 1.000000 
-0.002186 -0.001249 0.999997 0.004177 -0.007051 0.999966 -0.000040 0.000053 1.000000 0.000308 0.000243 1.000000 0.000312 0.000235 1.000000 0.000543 0.000513 1.000000 
-0.002146 -0.001226 0.999997 0.004065 -0.006861 0.999968 -0.000039 0.000053 1.000000 0.000316 0.000250 1.000000 0.000321 0.000242 1.000000 0.000512 0.000484 1.000000 
-0.001919 -0.001096 0.999998 0.003930 -0.006631 0.999970 0.000191 -0.000255 1.000000 0.000181 0.000143 1.000000 0.000190 0.000143 1.000000 0.000452 0.000426 1.000000 
-0.001991 -0.001137 0.999997 0.003838 -0.006476 0.999972 -0.000007 0.000010 1.000000 0.000405 0.000320 1.000000 0.000412 0.000311 1.000000 0.000491 0.000463 1.000000 
-0.001982 -0.001132 0.999997 0.003775 -0.006369 0.999973 -0.000011 0.000015 1.000000 0.000444 0.000350 1.000000 0.000451 0.000340 1.000000 0.000464 0.000438 1.000000 
-0.001945 -0.001111 0.999997 0.003681 -0.006211 0.999974 -0.000014 0.000018 1.000000 0.000471 0.000372 1.000000 0.000479 0.000361 1.000000 0.000443 0.000419 1.000000 
-0.001927 -0.001101 0.999998 0.003617 -0.006103 0.999975 -0.000014 0.000019 1.000000 0.000493 0.000389 1.000000 0.000501 0.000378 1.000000 0.000423 0.000399 1.000000 
-0.001900 -0.001086 0.999998 0.003544 -0.005979 0.999976 -0.000016 0.000021 1.000000 0.000512 0.000404 1.000000 0.000521 0.000392 1.000000 0.000405 0.000382 1.000000 
-0.001594 -0.000910 0.999998 0.003517 -0.005933 0.999976 0.000236 -0.000315 1.000000 0.000646 0.000510 1.000000 0.000664 0.000500 1.000000 0.000460 0.000434 1.000000 
-0.001771 -0.001011 0.999998 0.003448 -0.005816 0.999977 0.000007 -0.000009 1.000000 0.000851 0.000671 0.999999 0.000866 0.000652 0.999999 0.000443 0.000418 1.000000 
-0.001782 -0.001018 0.999998 0.003418 -0.005766 0.999978 -0.000005 0.000007 1.000000 0.000859 0.000678 0.999999 0.000874 0.000659 0.999999 0.000426 0.000402 1.000000 
-0.001780 -0.001017 0.999998 0.003351 -0.005652 0.999978 -0.000006 0.000008 1.000000 0.000858 0.000677 0.999999 0.000873 0.000658 0.999999 0.000389 0.000367 1.000000 
-0.001700 -0.000970 0.999998 0.003299 -0.005563 0.999979 0.000271 -0.000360 1.000000 0.001007 0.000794 0.999999 0.001033 0.000778 0.999999 0.000211 0.000199 1.000000 
-0.001705 -0.000973 0.999998 0.003259 -0.005497 0.999980 0.000234 -0.000312 1.000000 0.001016 0.000801 0.999999 0.001041 0.000784 0.999999 0.000212 0.000200 1.000000 
-0.001713 -0.000978 0.999998 0.003222 -0.005434 0.999980 0.000199 -0.000265 1.000000 0.001018 0.000803 0.999999 0.001042 0.000785 0.999999 0.000211 0.000199 1.000000 
-0.001870 -0.001068 0.999998 0.003168 -0.005342 0.999981 0.000201 -0.000268 1.000000 0.001358 0.001071 0.999999 0.001388 0.001045 0.999998 0.000038 0.000036 1.000000 
-0.002062 -0.001177 0.999997 0.003087 -0.005205 0.999982 -0.000056 0.000075 1.000000 0.001696 0.001338 0.999998 0.001724 0.001299 0.999998 0.000023 0.000022 1.000000 
-0.002044 -0.001167 0.999997 0.003078 -0.005189 0.999982 -0.000057 0.000076 1.000000 0.001712 0.001351 0.999998 0.001740 0.001311 0.999998 0.000034 0.000032 1.000000 
-0.002026 -0.001157 0.999997 0.003066 -0.005169 0.999982 -0.000057 0.000076 1.000000 0.001744 0.001376 0.999998 0.001773 0.001335 0.999998 0.000043 0.000040 1.000000 
-0.002007 -0.001146 0.999997 0.003052 -0.005144 0.999982 -0.000057 0.000076 1.000000 0.001776 0.001401 0.999997 0.001806 0.001360 0.999997 0.000051 0.000048 1.000000 
-0.001989 -0.001136 0.999997 0.003037 -0.005119 0.999982 -0.000060 0.000079 1.000000 0.001806 0.001425 0.999997 0.001836 0.001383 0.999997 0.000059 0.000056 1.000000 
-0.001973 -0.001126 0.999997 0.003023 -0.005096 0.999982 -0.000061 0.000081 1.000000 0.001833 0.001446 0.999997 0.001864 0.001404 0.999997 0.000067 0.000063 1.000000 
-0.001938 -0.001106 0.999998 0.002983 -0.005028 0.999983 0.000035 -0.000047 1.000000 0.002028 0.001600 0.999997 0.002065 0.001555 0.999997 -0.000002 -0.000002 1.000000 
-0.001921 -0.001097 0.999998 0.002965 -0.004998 0.999983 0.000022 -0.000030 1.000000 0.002051 0.001618 0.999997 0.002087 0.001572 0.999997 0.000012 0.000011 1.000000 
-0.001906 -0.001088 0.999998 0.002948 -0.004970 0.999983 0.000011 -0.000014 1.000000 0.002071 0.001634 0.999997 0.002108 0.001588 0.999997 0.000025 0.000023 1.000000 
-0.001892 -0.001080 0.999998 0.002932 -0.004943 0.999983 -0.000000 0.000000 1.000000 0.002091 0.001649 0.999996 0.002127 0.001603 0.999996 0.000036 0.000034 1.000000 
-0.001880 -0.001073 0.999998 0.002918 -0.004919 0.999984 -0.000010 0.000013 1.000000 0.002107 0.001662 0.999996 0.002144 0.001615 0.999996 0.000047 0.000044 1.000000 
-0.001867 -0.001066 0.999998 0.002909 -0.004903 0.999984 -0.000014 0.000019 1.000000 0.002122 0.001674 0.999996 0.002159 0.001627 0.999996 0.000056 0.000053 1.000000 
-0.001856 -0.001059 0.999998 0.002901 -0.004889 0.999984 -0.000018 0.000024 1.000000 0.002135 0.001684 0.999996 0.002172 0.001636 0.999996 0.000064 0.000060 1.000000 
-0.001846 -0.001054 0.999998 0.002893 -0.004877 0.999984 -0.000022 0.000029 1.000000 0.002147 0.001693 0.999996 0.002184 0.001645 0.999996 0.000071 0.000067 1.000000 
-0.001836 -0.001048 0.999998 0.002886 -0.004865 0.999984 -0.000024 0.000033 1.000000 0.002157 0.001702 0.999996 0.002195 0.001653 0.999996 0.000078 0.000073 1.000000 
-0.001828 -0.001043 0.999998 0.002880 -0.004854 0.999984 -0.000027 0.000036 1.000000 0.002167 0.001710 0.999996 0.002205 0.001661 0.999996 0.000083 0.000079 1.000000 
-0.001819 -0.001039 0.999998 0.002874 -0.004844 0.999984 -0.000029 0.000039 1.000000 0.002176 0.001717 0.999996 0.002214 0.001668 0.999996 0.000089 0.000084 1.000000 
-0.001812 -0.001034 0.999998 0.002869 -0.004835 0.999984 -0.000031 0.000042 1.000000 0.002185 0.001724 0.999996 0.002223 0.001674 0.999996 0.000094 0.000088 1.000000 
-0.001805 -0.001030 0.999998 0.002863 -0.004826 0.999984 -0.000033 0.000044 1.000000 0.002193 0.001730 0.999996 0.002231 0.001680 0.999996 0.000098 0.000093 1.000000 
-0.001798 -0.001027 0.999998 0.002859 -0.004818 0.999984 -0.000034 0.000046 1.000000 0.002200 0.001736 0.999996 0.002238 0.001686 0.999996 0.000102 0.000097 1.000000 
-0.001792 -0.001023 0.999998 0.002854 -0.004810 0.999984 -0.000036 0.000048 1.000000 0.002207 0.001741 0.999996 0.002245 0.001691 0.999996 0.000106 0.000100 1.000000 
-0.001787 -0.001020 0.999998 0.002850 -0.004803 0.999984 -0.000037 0.000049 1.000000 0.002214 0.001746 0.999996 0.002252 0.001696 0.999996 0.000109 0.000103 1.000000 
-0.001781 -0.001017 0.999998 0.002846 -0.004796 0.999984 -0.000038 0.000050 1.000000 0.002219 0.001751 0.999996 0.002257 0.001700 0.999996 0.000112 0.000106 1.000000 
-0.001776 -0.001014 0.999998 0.002841 -0.004789 0.999984 -0.000039 0.000052 1.000000 0.002224 0.001755 0.999996 0.002262 0.001704 0.999996 0.000115 0.000109 1.000000 
-0.001771 -0.001011 0.999998 0.002837 -0.004782 0.999985 -0.000040 0.000053 1.000000 0.002229 0.001758 0.999996 0.002267 0.001708 0.999996 0.000118 0.000111 1.000000 
-0.001767 -0.001008 0.999998 0.002833 -0.004774 0.999985 -0.000040 0.000054 1.000000 0.002233 0.001761 0.999996 0.002271 0.001710 0.999996 0.000120 0.000113 1.000000 
-0.001762 -0.001006 0.999998 0.002829 -0.004767 0.999985 -0.000041 0.000055 1.000000 0.002236 0.001764 0.999996 0.002274 0.001713 0.999996 0.000122 0.000115 1.000000 
-0.001758 -0.001003 0.999998 0.002824 -0.004760 0.999985 -0.000042 0.000056 1.000000 0.002239 0.001766 0.999996 0.002277 0.001715 0.999996 0.000124 0.000117 1.000000 
-0.001754 -0.001001 0.999998 0.002820 -0.004752 0.999985 -0.000043 0.000057 1.000000 0.002241 0.001768 0.999996 0.002279 0.001717 0.999996 0.000125 0.000118 1.000000 
-0.001750 -0.000999 0.999998 0.002816 -0.004745 0.999985 -0.000043 0.000058 1.000000 0.002243 0.001769 0.999996 0.002281 0.001718 0.999996 0.000127 0.000120 1.000000 
-0.001745 -0.000996 0.999998 0.002811 -0.004737 0.999985 -0.000044 0.000058 1.000000 0.002245 0.001771 0.999996 0.002283 0.001720 0.999996 0.000128 0.000121 1.000000 
-0.001740 -0.000993 0.999998 0.002805 -0.004726 0.999985 -0.000046 0.000061 1.000000 0.002241 0.001767 0.999996 0.002279 0.001717 0.999996 0.000131 0.000124 1.000000 
-0.001734 -0.000990 0.999998 0.002795 -0.004711 0.999985 -0.000047 0.000062 1.000000 0.002244 0.001770 0.999996 0.002282 0.001719 0.999996 0.000132 0.000124 1.000000 
-0.001726 -0.000985 0.999998 0.002784 -0.004692 0.999985 -0.000047 0.000062 1.000000 0.002248 0.001773 0.999996 0.002286 0.001722 0.999996 0.000132 0.000125 1.000000 
-0.001717 -0.000980 0.999998 0.002771 -0.004670 0.999985 -0.000047 0.000062 1.000000 0.002254 0.001778 0.999996 0.002292 0.001726 0.999996 0.000133 0.000125 1.000000 
-0.001706 -0.000974 0.999998 0.002757 -0.004645 0.999985 -0.000047 0.000062 1.000000 0.002261 0.001784 0.999996 0.002300 0.001732 0.999996 0.000134 0.000126 1.000000 
-0.001695 -0.000967 0.999998 0.002740 -0.004617 0.999986 -0.000047 0.000063 1.000000 0.002270 0.001790 0.999996 0.002308 0.001738 0.999996 0.000134 0.000126 1.000000 
-0.001682 -0.000960 0.999998 0.002722 -0.004587 0.999986 -0.000047 0.000063 1.000000 0.002279 0.001797 0.999996 0.002317 0.001745 0.999996 0.000135 0.000127 1.000000 
-0.001669 -0.000953 0.999998 0.002703 -0.004556 0.999986 -0.000048 0.000064 1.000000 0.002288 0.001805 0.999996 0.002327 0.001753 0.999996 0.000135 0.000128 1.000000 
-0.001657 -0.000946 0.999998 0.002685 -0.004524 0.999986 -0.000048 0.000064 1.000000 0.002298 0.001812 0.999996 0.002337 0.001760 0.999996 0.000136 0.000128 1.000000 
-0.001644 -0.000939 0.999998 0.002666 -0.004492 0.999986 -0.000049 0.000065 1.000000 0.002307 0.001819 0.999996 0.002346 0.001767 0.999996 0.000137 0.000129 1.000000 
-0.001632 -0.000932 0.999998 0.002648 -0.004463 0.999987 -0.000049 0.000066 1.000000 0.002315 0.001826 0.999996 0.002355 0.001774 0.999996 0.000137 0.000129 1.000000 
-0.001621 -0.000926 0.999998 0.002632 -0.004435 0.999987 -0.000050 0.000066 1.000000 0.002323 0.001832 0.999996 0.002363 0.001779 0.999996 0.000138 0.000130 1.000000 
-0.001611 -0.000920 0.999998 0.002617 -0.004410 0.999987 -0.000050 0.000067 1.000000 0.002330 0.001838 0.999996 0.002370 0.001785 0.999996 0.000138 0.000130 1.000000 
-0.001602 -0.000915 0.999998 0.002604 -0.004388 0.999987 -0.000051 0.000068 1.000000 0.002336 0.001842 0.999996 0.002375 0.001789 0.999996 0.000139 0.000131 1.000000 
-0.001594 -0.000910 0.999998 0.002592 -0.004367 0.999987 -0.000051 0.000068 1.000000 0.002341 0.001846 0.999996 0.002380 0.001793 0.999996 0.000139 0.000131 1.000000 
-0.001587 -0.000906 0.999998 0.002581 -0.004349 0.999987 -0.000051 0.000069 1.000000 0.002345 0.001849 0.999996 0.002385 0.001796 0.999996 0.000139 0.000132 1.000000 
-0.001580 -0.000902 0.999998 0.002571 -0.004332 0.999987 -0.000052 0.000069 1.000000 0.002348 0.001852 0.999996 0.002388 0.001799 0.999996 0.000140 0.000132 1.000000 
-0.001574 -0.000898 0.999998 0.002562 -0.004316 0.999987 -0.000052 0.000069 1.000000 0.002352 0.001855 0.999996 0.002392 0.001801 0.999996 0.000140 0.000132 1.000000 
-0.001567 -0.000895 0.999998 0.002552 -0.004300 0.999988 -0.000052 0.000070 1.000000 0.002355 0.001857 0.999996 0.002395 0.001804 0.999996 0.000140 0.000132 1.000000 
-0.001560 -0.000891 0.999998 0.002542 -0.004282 0.999988 -0.000052 0.000070 1.000000 0.002359 0.001860 0.999995 0.002399 0.001806 0.999995 0.000140 0.000132 1.000000 
-0.001553 -0.000887 0.999998 0.002531 -0.004264 0.999988 -0.000052 0.000070 1.000000 0.002362 0.001863 0.999995 0.002403 0.001809 0.999995 0.000141 0.000133 1.000000 
-0.001545 -0.000882 0.999998 0.002519 -0.004244 0.999988 -0.000052 0.000070 1.000000 0.002367 0.001867 0.999995 0.002407 0.001813 0.999995 0.000141 0.000133 1.000000 
-0.001537 -0.000877 0.999998 0.002506 -0.004223 0.999988 -0.000053 0.000070 1.000000 0.002372 0.001871 0.999995 0.002412 0.001817 0.999995 0.000141 0.000133 1.000000 
-0.001528 -0.000872 0.999998 0.002493 -0.004200 0.999988 -0.000053 0.000070 1.000000 0.002377 0.001875 0.999995 0.002418 0.001821 0.999995 0.000141 0.000133 1.000000 
-0.001518 -0.000867 0.999998 0.002478 -0.004176 0.999988 -0.000053 0.000070 1.000000 0.002384 0.001880 0.999995 0.002424 0.001826 0.999995 0.000141 0.000133 1.000000 
-0.001508 -0.000861 0.999998 0.002464 -0.004150 0.999988 -0.000053 0.000071 1.000000 0.002390 0.001885 0.999995 0.002430 0.001830 0.999995 0.000141 0.000133 1.000000 
-0.001498 -0.000855 0.999999 0.002448 -0.004125 0.999988 -0.000053 0.000071 1.000000 0.002396 0.001890 0.999995 0.002437 0.001835 0.999995 0.000141 0.000133 1.000000 
-0.001489 -0.000850 0.999999 0.002434 -0.004101 0.999989 -0.000054 0.000072 1.000000 0.002402 0.001895 0.999995 0.002443 0.001840 0.999995 0.000141 0.000133 1.000000 
-0.001482 -0.000846 0.999999 0.002424 -0.004083 0.999989 -0.000054 0.000072 1.000000 0.002407 0.001898 0.999995 0.002448 0.001843 0.999995 0.000142 0.000134 1.000000 
-0.001476 -0.000843 0.999999 0.002415 -0.004069 0.999989 -0.000054 0.000072 1.000000 0.002410 0.001900 0.999995 0.002451 0.001846 0.999995 0.000142 0.000134 1.000000 
-0.001471 -0.000840 0.999999 0.002407 -0.004055 0.999989 -0.000055 0.000073 1.000000 0.002412 0.001903 0.999995 0.002453 0.001848 0.999995 0.000142 0.000134 1.000000 
-0.001466 -0.000837 0.999999 0.002399 -0.004041 0.999989 -0.000055 0.000073 1.000000 0.002415 0.001905 0.999995 0.002456 0.001850 0.999995 0.000142 0.000134 1.000000 
-0.001460 -0.000834 0.999999 0.002391 -0.004028 0.999989 -0.000055 0.000073 1.000000 0.002418 0.001907 0.999995 0.002459 0.001852 0.999995 0.000142 0.000134 1.000000 
-0.001456 -0.000831 0.999999 0.002384 -0.004015 0.999989 -0.000055 0.000074 1.000000 0.002420 0.001908 0.999995 0.002461 0.001853 0.999995 0.000142 0.000134 1.000000 
-0.001451 -0.000829 0.999999 0.002377 -0.004004 0.999989 -0.000056 0.000074 1.000000 0.002422 0.001910 0.999995 0.002463 0.001855 0.999995 0.000142 0.000134 1.000000 
-0.001447 -0.000826 0.999999 0.002370 -0.003993 0.999989 -0.000056 0.000074 1.000000 0.002423 0.001911 0.999995 0.002464 0.001856 0.999995 0.000143 0.000134 1.000000 
-0.001443 -0.000824 0.999999 0.002364 -0.003982 0.999989 -0.000056 0.000075 1.000000 0.002425 0.001912 0.999995 0.002466 0.001857 0.999995 0.000143 0.000135 1.000000 
-0.001439 -0.000821 0.999999 0.002357 -0.003971 0.999989 -0.000056 0.000075 1.000000 0.002427 0.001914 0.999995 0.002468 0.001858 0.999995 0.000143 0.000135 1.000000 
-0.001434 -0.000819 0.999999 0.002350 -0.003959 0.999989 -0.000056 0.000075 1.000000 0.002428 0.001915 0.999995 0.002470 0.001860 0.999995 0.000143 0.000135 1.000000 
-0.001429 -0.000816 0.999999 0.002343 -0.003947 0.999989 -0.000056 0.000075 1.000000 0.002430 0.001917 0.999995 0.002472 0.001861 0.999995 0.000143 0.000135 1.000000 
-0.001424 -0.000813 0.999999 0.002335 -0.003934 0.999990 -0.000056 0.000075 1.000000 0.002433 0.001919 0.999995 0.002474 0.001863 0.999995 0.000143 0.000135 1.000000 
-0.001419 -0.000810 0.999999 0.002327 -0.003920 0.999990 -0.000057 0.000075 1.000000 0.002435 0.001921 0.999995 0.002477 0.001865 0.999995 0.000143 0.000135 1.000000 
-0.001414 -0.000807 0.999999 0.002319 -0.003906 0.999990 -0.000057 0.000076 1.000000 0.002438 0.001923 0.999995 0.002479 0.001867 0.999995 0.000143 0.000135 1.000000 
-0.001408 -0.000804 0.999999 0.002311 -0.003892 0.999990 -0.000057 0.000076 1.000000 0.002441 0.001925 0.999995 0.002482 0.001869 0.999995 0.000143 0.000135 1.000000 
-0.001403 -0.000801 0.999999 0.002302 -0.003877 0.999990 -0.000057 0.000076 1.000000 0.002444 0.001927 0.999995 0.002485 0.001871 0.999995 0.000143 0.000135 1.000000 
-0.001397 -0.000798 0.999999 0.002294 -0.003863 0.999990 -0.000057 0.000077 1.000000 0.002447 0.001929 0.999995 0.002488 0.001874 0.999995 0.000143 0.000135 1.000000 
-0.001392 -0.000795 0.999999 0.002285 -0.003849 0.999990 -0.000058 0.000077 1.000000 0.002449 0.001932 0.999995 0.002491 0.001876 0.999995 0.000143 0.000135 1.000000 
-0.001387 -0.000792 0.999999 0.002279 -0.003838 0.999990 -0.000058 0.000077 1.000000 0.002452 0.001933 0.999995 0.002493 0.001878 0.999995 0.000143 0.000135 1.000000 
-0.001395 -0.000797 0.999999 0.002290 -0.003858 0.999990 -0.000058 0.000077 1.000000 0.002453 0.001934 0.999995 0.002495 0.001879 0.999995 0.000143 0.000135 1.000000 
-0.001412 -0.000806 0.999999 0.002316 -0.003900 0.999990 -0.000058 0.000078 1.000000 0.002453 0.001934 0.999995 0.002494 0.001878 0.999995 0.000143 0.000135 1.000000 
-0.001433 -0.000818 0.999999 0.002348 -0.003954 0.999989 -0.000058 0.000078 1.000000 0.002452 0.001934 0.999995 0.002494 0.001878 0.999995 0.000143 0.000135 1.000000 
-0.001456 -0.000831 0.999999 0.002381 -0.004011 0.999989 -0.000058 0.000078 1.000000 0.002452 0.001933 0.999995 0.002493 0.001877 0.999995 0.000143 0.000135 1.000000 
-0.001478 -0.000844 0.999999 0.002415 -0.004068 0.999989 -0.000058 0.000078 1.000000 0.002452 0.001933 0.999995 0.002493 0.001877 0.999995 0.000143 0.000135 1.000000 
-0.001500 -0.000857 0.999999 0.002449 -0.004125 0.999988 -0.000059 0.000078 1.000000 0.002452 0.001934 0.999995 0.002494 0.001878 0.999995 0.000143 0.000135 1.000000 
-0.001523 -0.000869 0.999998 0.002483 -0.004181 0.999988 -0.000059 0.000078 1.000000 0.002454 0.001935 0.999995 0.002495 0.001879 0.999995 0.000143 0.000135 1.000000 
-0.001545 -0.000882 0.999998 0.002516 -0.004238 0.999988 -0.000059 0.000078 1.000000 0.002455 0.001936 0.999995 0.002497 0.001880 0.999995 0.000143 0.000135 1.000000 
-0.001568 -0.000895 0.999998 0.002550 -0.004294 0.999988 -0.000059 0.000079 1.000000 0.002457 0.001938 0.999995 0.002499 0.001882 0.999995 0.000143 0.000135 1.000000 
-0.001590 -0.000908 0.999998 0.002583 -0.004351 0.999987 -0.000059 0.000079 1.000000 0.002460 0.001940 0.999995 0.002501 0.001884 0.999995 0.000143 0.000135 1.000000 
-0.001612 -0.000921 0.999998 0.002617 -0.004407 0.999987 -0.000060 0.000080 1.000000 0.002462 0.001941 0.999995 0.002503 0.001885 0.999995 0.000144 0.000135 1.000000 
-0.001635 -0.000933 0.999998 0.002650 -0.004463 0.999987 -0.000060 0.000080 1.000000 0.002464 0.001943 0.999995 0.002505 0.001887 0.999995 0.000144 0.000135 1.000000 
-0.001657 -0.000946 0.999998 0.002683 -0.004519 0.999986 -0.000060 0.000080 1.000000 0.002466 0.001944 0.999995 0.002507 0.001888 0.999995 0.000144 0.000136 1.000000 
-0.001678 -0.000958 0.999998 0.002716 -0.004574 0.999986 -0.000061 0.000081 1.000000 0.002467 0.001945 0.999995 0.002509 0.001889 0.999995 0.000144 0.000136 1.000000 
-0.001700 -0.000971 0.999998 0.002748 -0.004628 0.999986 -0.000061 0.000081 1.000000 0.002468 0.001946 0.999995 0.002510 0.001890 0.999995 0.000144 0.000136 1.000000 
-0.001721 -0.000983 0.999998 0.002780 -0.004682 0.999985 -0.000061 0.000082 1.000000 0.002469 0.001947 0.999995 0.002510 0.001890 0.999995 0.000144 0.000136 1.000000 
-0.001742 -0.000995 0.999998 0.002812 -0.004735 0.999985 -0.000062 0.000082 1.000000 0.002469 0.001947 0.999995 0.002511 0.001891 0.999995 0.000144 0.000136 1.000000 
-0.001763 -0.001007 0.999998 0.002843 -0.004787 0.999985 -0.000062 0.000083 1.000000 0.002469 0.001947 0.999995 0.002511 0.001891 0.999995 0.000144 0.000136 1.000000 
-0.001783 -0.001018 0.999998 0.002873 -0.004839 0.999984 -0.000062 0.000083 1.000000 0.002469 0.001947 0.999995 0.002511 0.001891 0.999995 0.000144 0.000136 1.000000 
-0.001804 -0.001030 0.999998 0.002904 -0.004889 0.999984 -0.000063 0.000083 1.000000 0.002469 0.001947 0.999995 0.002511 0.001890 0.999995 0.000144 0.000136 1.000000 
-0.001823 -0.001041 0.999998 0.002933 -0.004940 0.999983 -0.000063 0.000084 1.000000 0.002469 0.001947 0.999995 0.002510 0.001890 0.999995 0.000144 0.000136 1.000000 
-0.001843 -0.001052 0.999998 0.002963 -0.004989 0.999983 -0.000063 0.000084 1.000000 0.002469 0.001947 0.999995 0.002510 0.001890 0.999995 0.000144 0.000136 1.000000 
-0.001863 -0.001063 0.999998 0.002992 -0.005039 0.999983 -0.000063 0.000084 1.000000 0.002469 0.001947 0.999995 0.002510 0.001890 0.999995 0.000144 0.000136 1.000000 
-0.001829 -0.001044 0.999998 0.003016 -0.005078 0.999983 -0.000012 0.000016 1.000000 0.002388 0.001884 0.999995 0.002430 0.001830 0.999995 0.000148 0.000140 1.000000 
-0.001849 -0.001056 0.999998 0.003039 -0.005117 0.999982 -0.000017 0.000023 1.000000 0.002390 0.001885 0.999995 0.002432 0.001832 0.999995 0.000148 0.000139 1.000000 
-0.001868 -0.001066 0.999998 0.003060 -0.005153 0.999982 -0.000022 0.000029 1.000000 0.002392 0.001887 0.999995 0.002434 0.001833 0.999995 0.000147 0.000139 1.000000 
-0.001889 -0.001078 0.999998 0.003086 -0.005196 0.999982 -0.000026 0.000034 1.000000 0.002394 0.001888 0.999995 0.002435 0.001834 0.999995 0.000147 0.000139 1.000000 
-0.001918 -0.001094 0.999998 0.003111 -0.005238 0.999981 -0.000045 0.000060 1.000000 0.002269 0.001790 0.999996 0.002308 0.001739 0.999996 0.000152 0.000143 1.000000 
-0.001931 -0.001102 0.999998 0.003133 -0.005275 0.999981 -0.000042 0.000056 1.000000 0.002253 0.001777 0.999996 0.002292 0.001726 0.999996 0.000150 0.000142 1.000000 
-0.001951 -0.001114 0.999997 0.003159 -0.005319 0.999981 -0.000044 0.000059 1.000000 0.002258 0.001781 0.999996 0.002296 0.001730 0.999996 0.000150 0.000141 1.000000 
