-0.000291 -0.002839 0.999996 0.002666 -0.000285 0.999996 0.002608 -0.000220 0.999997 -0.000307 -0.002821 0.999996 
-0.000259 -0.002524 0.999997 0.002400 -0.000257 0.999997 0.002348 -0.000198 0.999997 -0.000273 -0.002508 0.999997 
-0.000228 -0.002222 0.999998 0.002140 -0.000229 0.999998 0.002095 -0.000177 0.999998 -0.000240 -0.002207 0.999998 
-0.000201 -0.001966 0.999998 0.001916 -0.000205 0.999998 0.001876 -0.000158 0.999998 -0.000212 -0.001953 0.999998 
-0.000178 -0.001741 0.999998 0.001723 -0.000184 0.999998 0.001687 -0.000142 0.999999 -0.000188 -0.001729 0.999998 
-0.000159 -0.001547 0.999999 0.001535 -0.000164 0.999999 0.001503 -0.000127 0.999999 -0.000167 -0.001536 0.999999 
-0.000142 -0.001381 0.999999 0.001364 -0.000146 0.999999 0.001336 -0.000113 0.999999 -0.000149 -0.001371 0.999999 
-0.000127 -0.001235 0.999999 0.001211 -0.000129 0.999999 0.001186 -0.000100 0.999999 -0.000133 -0.001226 0.999999 
-0.000114 -0.001108 0.999999 0.001072 -0.000115 0.999999 0.001049 -0.000089 0.999999 -0.000120 -0.001100 0.999999 
-0.000102 -0.000999 0.999999 0.000946 -0.000101 1.000000 0.000925 -0.000078 1.000000 -0.000108 -0.000992 1.000000 
-0.000185 -0.001804 0.999998 0.001869 -0.000200 0.999998 0.001833 -0.000154 0.999998 -0.000194 -0.001791 0.999998 
-0.000172 -0.001678 0.999999 0.001652 -0.000176 0.999999 0.001618 -0.000136 0.999999 -0.000181 -0.001667 0.999999 
-0.000152 -0.001483 0.999999 0.001447 -0.000155 0.999999 0.001417 -0.000119 0.999999 -0.000160 -0.001473 0.999999 
-0.000137 -0.001335 0.999999 0.001271 -0.000136 0.999999 0.001244 -0.000105 0.999999 -0.000144 -0.001326 0.999999 
-0.000137 -0.001341 0.999999 0.001115 -0.000119 0.999999 0.001088 -0.000092 0.999999 -0.000145 -0.001334 0.999999 
-0.000307 -0.003002 0.999995 0.000967 -0.000103 1.000000 0.000902 -0.000076 1.000000 -0.000325 -0.002994 0.999995 
-0.000713 -0.006962 0.999976 0.000823 -0.000088 1.000000 0.000669 -0.000056 1.000000 -0.000755 -0.006953 0.999976 
-0.001921 -0.017064 0.999853 0.000288 -0.000034 1.000000 -0.000093 0.000009 1.000000 -0.002025 -0.017050 0.999853 
-0.004423 -0.033060 0.999444 -0.000695 0.000096 1.000000 -0.001436 0.000166 0.999999 -0.004626 -0.033036 0.999443 
-0.006863 -0.048169 0.998816 -0.001221 0.000179 0.999999 -0.002301 0.000286 0.999997 -0.007159 -0.048134 0.998815 
-0.008295 -0.057637 0.998303 -0.001237 0.000184 0.999999 -0.002529 0.000318 0.999997 -0.008649 -0.057593 0.998303 
-0.007649 -0.055405 0.998435 0.001062 -0.000151 0.999999 -0.000174 0.000021 1.000000 -0.007988 -0.055351 0.998435 
-0.006621 -0.051026 0.998675 0.002437 -0.000327 0.999997 0.001303 -0.000145 0.999999 -0.006931 -0.050970 0.998676 
-0.006528 -0.050232 0.998716 0.002099 -0.000282 0.999998 0.000982 -0.000110 1.000000 -0.006834 -0.050178 0.998717 
-0.006955 -0.052739 0.998584 0.000840 -0.000114 1.000000 -0.000337 0.000038 1.000000 -0.007277 -0.052691 0.998584 
-0.007924 -0.059801 0.998179 0.000668 -0.000091 1.000000 -0.000667 0.000076 1.000000 -0.008290 -0.059747 0.998179 
-0.009360 -0.070586 0.997462 0.000449 -0.000062 1.000000 -0.001127 0.000129 0.999999 -0.009792 -0.070525 0.997462 
-0.013180 -0.106486 0.994227 0.003242 -0.000415 0.999995 0.000870 -0.000092 1.000000 -0.013832 -0.106384 0.994229 
0.002559 0.001026 0.999996 -0.006572 0.000612 0.999978 0.016565 -0.087907 0.995991 0.029813 -0.074768 0.996755 -0.016526 -0.141583 0.989788 0.004345 0.045488 0.998955 
0.002397 0.000963 0.999997 -0.020147 0.001971 0.999795 0.018712 -0.114197 0.993282 -0.011288 -0.085835 0.996245 0.031926 -0.079976 0.996285 
0.002135 0.000851 0.999997 -0.025002 0.002624 0.999684 0.020329 -0.131831 0.991064 -0.014103 -0.102360 0.994647 0.032988 -0.083261 0.995982 
0.001892 0.000750 0.999998 -0.019463 0.002096 0.999808 0.022614 -0.137593 0.990231 0.032801 -0.083187 0.995994 -0.023269 -0.180644 0.983273 -0.002750 -0.023558 0.999719 
0.001669 0.000662 0.999998 -0.010814 0.001145 0.999941 0.025105 -0.137249 0.990218 0.032488 -0.082389 0.996071 -0.023510 -0.182806 0.982868 -0.002167 -0.031790 0.999492 
0.001460 0.000579 0.999999 -0.004786 0.000497 0.999988 0.026830 -0.135119 0.990466 0.031990 -0.081119 0.996191 -0.023219 -0.181848 0.983053 -0.001109 -0.036115 0.999347 
0.001265 0.000502 0.999999 -0.003081 0.000319 0.999995 0.027282 -0.132054 0.990867 0.031267 -0.079281 0.996362 -0.022759 -0.178268 0.983719 -0.000461 -0.036309 0.999340 
0.001092 0.000433 0.999999 -0.003714 0.000390 0.999993 0.026619 -0.127925 0.991427 0.030229 -0.076645 0.996600 -0.022376 -0.173226 0.984628 -0.000310 -0.033205 0.999449 
0.000949 0.000376 0.999999 -0.006219 0.000665 0.999980 0.025378 -0.123518 0.992018 0.028895 -0.073260 0.996894 -0.021973 -0.168157 0.985515 -0.000439 -0.028265 0.999600 
0.000848 0.000336 1.000000 -0.009761 0.001057 0.999952 0.023805 -0.117953 0.992734 0.027007 -0.068519 0.997284 -0.021306 -0.162211 0.986526 -0.000543 -0.021930 0.999759 
0.000736 0.000292 1.000000 -0.012847 0.001396 0.999917 0.022140 -0.110900 0.993585 0.024655 -0.062550 0.997737 -0.020391 -0.155343 0.987650 -0.000459 -0.014940 0.999888 
0.000637 0.000252 1.000000 -0.015219 0.001651 0.999883 0.020385 -0.102224 0.994553 0.021742 -0.055157 0.998241 -0.019278 -0.147342 0.988898 -0.000240 -0.007559 0.999971 
0.000542 0.000215 1.000000 -0.017418 0.001885 0.999847 0.018458 -0.092061 0.995582 0.018254 -0.046308 0.998760 -0.017989 -0.137983 0.990271 0.000007 0.000239 1.000000 
0.000451 0.000179 1.000000 -0.019774 0.002134 0.999802 0.016255 -0.080368 0.996633 0.014228 -0.036093 0.999247 -0.016509 -0.127073 0.991756 0.000224 0.008901 0.999960 
0.000372 0.000147 1.000000 -0.022498 0.002420 0.999744 0.013697 -0.067087 0.997653 0.009647 -0.024471 0.999654 -0.014848 -0.114672 0.993292 0.000390 0.018821 0.999823 
0.000233 0.000092 1.000000 -0.020629 0.002288 0.999785 0.010511 -0.051864 0.998599 0.005013 -0.012803 0.999905 -0.011830 -0.088587 0.995998 0.000207 0.011628 0.999932 
-0.001049 -0.000404 0.999999 -0.017642 0.002134 0.999842 0.006924 -0.034904 0.999367 0.000748 -0.001950 0.999998 -0.008443 -0.058449 0.998255 0.000024 0.001912 0.999998 
-0.001933 -0.000738 0.999998 -0.014872 0.001916 0.999888 0.003695 -0.019008 0.999813 -0.001664 0.004383 0.999989 -0.005061 -0.033103 0.999439 0.000006 0.000533 1.000000 
-0.004249 -0.001606 0.999990 -0.014225 0.001897 0.999897 0.000410 -0.002109 0.999998 -0.006543 0.017402 0.999827 -0.001869 -0.011847 0.999928 0.000002 0.000616 1.000000 
-0.012028 -0.004498 0.999918 -0.011422 0.001560 0.999934 -0.002955 0.014471 0.999891 -0.011771 0.031694 0.999428 -0.000074 -0.000460 1.000000 -0.000062 0.002467 0.999997 
-0.019709 -0.007353 0.999779 -0.011627 0.001588 0.999931 -0.006389 0.028933 0.999561 -0.000063 -0.000392 1.000000 -0.016671 0.045065 0.998845 -0.001219 0.018053 0.999836 
-0.022376 -0.008323 0.999715 -0.011777 0.001608 0.999929 -0.010249 0.043938 0.998982 -0.000051 -0.000315 1.000000 -0.022484 0.061071 0.997880 -0.004105 0.040177 0.999184 
-0.019797 -0.007331 0.999777 -0.011608 0.001585 0.999931 -0.013698 0.057561 0.998248 -0.000036 -0.000224 1.000000 -0.028431 0.077619 0.996578 -0.007662 0.064857 0.997865 
-0.013904 -0.005117 0.999890 -0.011958 0.001633 0.999927 -0.016355 0.069395 0.997455 -0.000020 -0.000123 1.000000 -0.034123 0.093657 0.995020 -0.010449 0.089418 0.995939 
-0.006260 -0.002287 0.999978 -0.012786 0.001746 0.999917 -0.018253 0.079770 0.996646 -0.000002 -0.000015 1.000000 -0.039369 0.108608 0.993305 -0.011801 0.112912 0.993535 
0.002423 0.000879 0.999997 -0.013537 0.001849 0.999907 -0.019622 0.089133 0.995826 0.000007 0.000041 1.000000 -0.044201 0.122411 0.991495 -0.011860 0.135267 0.990738 
0.011235 0.004047 0.999929 -0.014044 0.001918 0.999900 -0.020632 0.097566 0.995015 0.000015 0.000096 1.000000 -0.048489 0.134640 0.989708 -0.010988 0.155950 0.987704 
0.019082 0.006827 0.999795 -0.014253 0.001947 0.999897 -0.021479 0.105073 0.994233 0.000050 0.000313 1.000000 -0.052144 0.145120 0.988039 -0.009836 0.173988 0.984699 
0.025439 0.009011 0.999636 -0.014560 0.002028 0.999892 -0.022444 0.112516 0.993396 0.000652 0.003974 0.999992 -0.055042 0.154065 0.986526 -0.009321 0.187537 0.982213 
0.030820 0.010799 0.999467 -0.013198 0.001876 0.999911 -0.023425 0.119510 0.992557 0.001562 0.009359 0.999955 -0.057225 0.161307 0.985244 -0.009055 0.197520 0.980257 
0.035712 0.012405 0.999285 -0.011511 0.001664 0.999932 -0.024451 0.126090 0.991717 0.002836 0.016738 0.999856 -0.058970 0.167059 0.984182 -0.008983 0.204962 0.978729 
0.040512 0.013984 0.999081 -0.010569 0.001541 0.999943 -0.025339 0.131654 0.990972 0.004070 0.023835 0.999708 -0.060429 0.171631 0.983306 -0.008797 0.211841 0.977265 
0.045505 0.015680 0.998841 -0.010583 0.001544 0.999943 -0.026079 0.136161 0.990343 0.005201 0.030434 0.999523 -0.061796 0.175167 0.982597 -0.008409 0.218450 0.975812 
0.050326 0.017321 0.998583 -0.010512 0.001533 0.999944 -0.026760 0.139993 0.989791 0.006244 0.036522 0.999313 -0.062930 0.177938 0.982027 -0.008186 0.224436 0.974454 
0.055013 0.018922 0.998306 -0.010338 0.001507 0.999945 -0.027394 0.143279 0.989303 0.007188 0.042044 0.999090 -0.063918 0.180218 0.981548 -0.008141 0.229897 0.973181 
0.059671 0.020510 0.998007 -0.010058 0.001466 0.999948 -0.027940 0.146060 0.988881 0.008037 0.047010 0.998862 -0.064795 0.182173 0.981129 -0.008140 0.234841 0.972000 
0.064421 0.022124 0.997678 -0.009662 0.001408 0.999952 -0.028351 0.148367 0.988526 0.008776 0.051344 0.998642 -0.065573 0.183853 0.980764 -0.008012 0.239464 0.970872 
0.069254 0.023770 0.997316 -0.008398 0.001222 0.999964 -0.028649 0.150270 0.988230 0.009407 0.055105 0.998436 -0.066240 0.185163 0.980473 -0.007702 0.243454 0.969882 
0.073974 0.025380 0.996937 -0.006032 0.000877 0.999981 -0.028915 0.151840 0.987982 0.009956 0.058423 0.998242 -0.066762 0.186052 0.980269 -0.007475 0.246573 0.969096 
0.078487 0.026918 0.996552 -0.002914 0.000423 0.999996 -0.029196 0.153103 0.987779 0.010435 0.061311 0.998064 -0.067151 0.186600 0.980138 -0.007541 0.248948 0.968488 
0.082856 0.028412 0.996156 0.000073 -0.000011 1.000000 -0.029448 0.153894 0.987648 0.010829 0.063697 0.997911 -0.067407 0.186776 0.980087 -0.007855 0.250984 0.967959 
0.087402 0.029954 0.995723 0.000174 -0.000025 1.000000 -0.029395 0.153737 0.987675 0.011183 0.065792 0.997771 -0.067406 0.186319 0.980174 -0.007757 0.253825 0.967219 
0.092253 0.031586 0.995234 0.000314 -0.000046 1.000000 -0.029116 0.153120 0.987779 -0.067219 0.185423 0.980357 0.011470 0.067485 0.997654 -0.007146 0.256621 0.966486 
0.097244 0.033256 0.994705 0.000489 -0.000071 1.000000 -0.028641 0.152037 0.987960 -0.066842 0.184062 0.980639 0.011695 0.068813 0.997561 -0.006086 0.259194 0.965806 
0.102291 0.034937 0.994141 0.000693 -0.000101 1.000000 -0.028007 0.150537 0.988208 -0.066294 0.182285 0.981008 0.011860 0.069788 0.997491 -0.004668 0.261524 0.965186 
0.107255 0.036587 0.993558 0.000922 -0.000134 1.000000 -0.027282 0.148677 0.988509 -0.065605 0.180158 0.981447 0.011967 0.070429 0.997445 -0.003091 0.263538 0.964644 
0.111958 0.038148 0.992980 0.001605 -0.000233 0.999999 -0.026542 0.146569 0.988844 -0.064788 0.177741 0.981942 0.012024 0.070754 0.997421 -0.001602 0.264952 0.964260 
0.116162 0.039514 0.992444 0.003921 -0.000572 0.999992 -0.025900 0.144472 0.989170 -0.063864 0.175205 0.982458 0.012044 0.070733 0.997423 -0.000590 0.265188 0.964197 
0.119991 0.040802 0.991936 0.004261 -0.000622 0.999991 -0.025310 0.141995 0.989544 -0.062931 0.172489 0.982999 0.012045 0.070715 0.997424 0.000004 0.265652 0.964069 
0.123570 0.042031 0.991445 0.004522 -0.000660 0.999990 -0.024689 0.139222 0.989953 -0.061906 0.169482 0.983587 0.012006 0.070488 0.997440 0.000556 0.265672 0.964063 
0.126926 0.043193 0.990971 0.004909 -0.000716 0.999988 -0.023999 0.136168 0.990395 -0.060754 0.166164 0.984225 0.011922 0.070005 0.997475 0.001225 0.265249 0.964179 
0.130048 0.044287 0.990518 0.005309 -0.000773 0.999986 -0.023213 0.132686 0.990886 -0.059463 0.162502 0.984915 0.011716 0.068921 0.997553 0.002091 0.264535 0.964374 
0.132783 0.045245 0.990112 0.007031 -0.001025 0.999975 -0.022421 0.129164 0.991370 -0.058026 0.158537 0.985646 0.011517 0.067744 0.997636 0.002923 0.262769 0.964854 
0.135001 0.045998 0.989777 0.009634 -0.001409 0.999953 -0.021667 0.125561 0.991849 -0.056507 0.154506 0.986375 0.011254 0.066076 0.997751 0.003397 0.260167 0.965558 
0.136671 0.046530 0.989523 0.012912 -0.001900 0.999915 -0.020964 0.121897 0.992321 -0.054939 0.150493 0.987083 0.010939 0.063970 0.997892 0.003404 0.256711 0.966482 
0.138061 0.046962 0.989310 0.016268 -0.002409 0.999865 -0.020219 0.117992 0.992809 -0.053288 0.146297 0.987804 0.010570 0.061534 0.998049 0.003372 0.252754 0.967525 
0.139201 0.047311 0.989133 0.019534 -0.002912 0.999805 -0.019403 0.113696 0.993326 -0.051525 0.141806 0.988553 0.010109 0.058573 0.998232 0.003359 0.248451 0.968639 
0.140092 0.047582 0.988995 0.022730 -0.003410 0.999736 -0.018516 0.108979 0.993872 -0.049641 0.136986 0.989328 0.009550 0.055068 0.998437 0.003357 0.243774 0.969826 
0.140735 0.047779 0.988894 0.025878 -0.003906 0.999657 -0.017557 0.103819 0.994441 -0.047627 0.131796 0.990132 0.008896 0.051045 0.998657 0.003358 0.238664 0.971096 
0.141130 0.047906 0.988831 0.028998 -0.004401 0.999570 -0.016526 0.098188 0.995031 -0.045474 0.126200 0.990962 0.008143 0.046505 0.998885 0.003354 0.233075 0.972453 
0.141279 0.047965 0.988807 0.032108 -0.004899 0.999472 -0.015420 0.092053 0.995635 -0.043172 0.120161 0.991815 0.007289 0.041432 0.999115 0.003341 0.226964 0.973897 
0.141179 0.047957 0.988822 0.035228 -0.005401 0.999365 -0.014236 0.085378 0.996247 -0.040710 0.113637 0.992688 0.006328 0.035804 0.999339 0.003314 0.220288 0.975429 
0.140823 0.047886 0.988876 0.038374 -0.005907 0.999246 -0.012968 0.078122 0.996859 -0.038078 0.106585 0.993574 0.005252 0.029592 0.999548 0.003266 0.213000 0.977047 
0.140201 0.047751 0.988971 0.041560 -0.006417 0.999115 -0.011614 0.070240 0.997462 -0.035262 0.098962 0.994466 0.004055 0.022761 0.999733 0.003190 0.205048 0.978747 
0.139302 0.047550 0.989108 0.044804 -0.006933 0.998972 -0.010163 0.061684 0.998044 -0.032249 0.090719 0.995354 0.002729 0.015265 0.999880 0.003086 0.196377 0.980524 
0.138119 0.047279 0.989287 0.048124 -0.007455 0.998814 -0.008607 0.052397 0.998589 -0.029018 0.081806 0.996226 0.001264 0.007050 0.999974 0.002955 0.186937 0.982367 
0.136632 0.046948 0.989509 0.050743 -0.007861 0.998681 -0.006964 0.042489 0.999073 -0.025555 0.072151 0.997066 0.000121 0.000674 1.000000 0.002772 0.174635 0.984629 
0.134180 0.046303 0.989875 0.054146 -0.008389 0.998498 -0.005496 0.033306 0.999430 -0.021697 0.061364 0.997880 0.000123 0.000684 1.000000 0.002182 0.156475 0.987679 
0.130744 0.045336 0.990379 0.058016 -0.008988 0.998275 -0.003894 0.023228 0.999723 -0.017186 0.048703 0.998665 0.000123 0.000687 1.000000 0.001356 0.136877 0.990587 
0.126030 0.043963 0.991052 0.062121 -0.009624 0.998022 -0.002075 0.012112 0.999924 -0.011864 0.033681 0.999362 0.000123 0.000682 1.000000 0.000574 0.115334 0.993327 
0.116496 0.040837 0.992351 0.069495 -0.010770 0.997524 -0.001118 0.006549 0.999978 -0.006061 0.017262 0.999833 0.000123 0.000685 1.000000 0.000732 0.097305 0.995254 
0.107752 0.037760 0.993460 0.079122 -0.012264 0.996789 -0.000386 0.002275 0.999997 -0.001343 0.003848 0.999992 0.000084 0.000465 1.000000 0.000768 0.079239 0.996855 
0.098680 0.034428 0.994523 0.088850 -0.013921 0.995948 0.000227 -0.001344 0.999999 0.000848 -0.002446 0.999997 -0.000751 -0.004129 0.999991 0.000701 0.061720 0.998093 
0.090734 0.031247 0.995385 0.094686 -0.015269 0.995390 0.001036 -0.006249 0.999980 0.002654 -0.007772 0.999966 -0.002340 -0.012487 0.999919 0.000631 0.049454 0.998776 
0.083762 0.028301 0.996084 0.102099 -0.017209 0.994625 0.001137 -0.006837 0.999976 0.003453 -0.010311 0.999941 -0.002435 -0.012495 0.999919 0.000289 0.036101 0.999348 
0.077910 0.026007 0.996621 0.106411 -0.018546 0.994149 0.000754 -0.004363 0.999990 -0.001138 -0.005692 0.999983 0.003548 -0.010724 0.999936 -0.000129 0.023732 0.999718 
0.071594 0.023503 0.997157 0.109594 -0.019784 0.993780 0.000344 -0.001897 0.999998 0.000496 0.002414 0.999997 0.004580 -0.014088 0.999890 -0.000290 0.010896 0.999941 
0.065716 0.021156 0.997614 0.112010 -0.020955 0.993486 0.000024 -0.000127 1.000000 0.001754 0.008302 0.999964 0.005458 -0.017131 0.999838 0.000060 -0.001238 0.999999 
0.062248 0.019702 0.997866 0.112569 -0.021641 0.993408 0.000046 -0.000243 1.000000 0.001818 0.008398 0.999963 0.005582 -0.017822 0.999826 0.000409 -0.007269 0.999973 
0.060435 0.018754 0.997996 0.113204 -0.022421 0.993319 0.000031 -0.000165 1.000000 0.001847 0.008307 0.999964 0.005138 -0.016728 0.999847 0.000764 -0.011770 0.999930 
0.060683 0.018558 0.997985 0.112615 -0.022773 0.993378 0.000034 -0.000179 1.000000 0.001803 0.007959 0.999967 0.004466 -0.014747 0.999881 0.000906 -0.012556 0.999921 
0.062636 0.018978 0.997856 0.111202 -0.022766 0.993537 0.000036 -0.000193 1.000000 0.001700 0.007419 0.999971 0.003821 -0.012730 0.999912 0.000736 -0.009540 0.999954 
0.065801 0.019897 0.997634 0.108421 -0.022235 0.993856 0.000034 -0.000180 1.000000 0.001587 0.006913 0.999975 0.003418 -0.011411 0.999929 0.000194 -0.002468 0.999997 
0.069684 0.021157 0.997345 0.104752 -0.021326 0.994270 0.000030 -0.000160 1.000000 0.001458 0.006389 0.999979 0.003228 -0.010733 0.999937 -0.000572 0.007372 0.999973 
0.073501 0.022538 0.997040 0.100652 -0.020163 0.994717 0.000025 -0.000132 1.000000 0.001319 0.005861 0.999982 0.003350 -0.011031 0.999934 -0.001384 0.018630 0.999825 
0.077420 0.024129 0.996707 0.096051 -0.018735 0.995200 0.000013 -0.000067 1.000000 0.001136 0.005171 0.999986 0.003410 -0.011046 0.999933 -0.002092 0.030678 0.999527 
0.081033 0.025833 0.996377 0.091178 -0.017158 0.995687 0.000006 -0.000029 1.000000 0.000888 0.004169 0.999991 0.003350 -0.010608 0.999938 -0.002546 0.042508 0.999093 
0.084151 0.027520 0.996073 0.086100 -0.015572 0.996165 -0.000030 0.000159 1.000000 0.000624 0.003033 0.999995 0.003025 -0.009333 0.999952 -0.002713 0.053353 0.998572 
0.086996 0.029269 0.995779 0.082098 -0.014164 0.996524 -0.000258 0.001342 0.999999 0.000876 0.004446 0.999990 0.002690 -0.008063 0.999964 -0.002542 0.061726 0.998090 
0.089374 0.030846 0.995520 0.078094 -0.012803 0.996864 -0.000277 0.001433 0.999999 0.000468 0.002483 0.999997 0.002285 -0.006675 0.999975 -0.002160 0.071264 0.997455 
0.091233 0.032039 0.995314 0.075966 -0.012270 0.997035 -0.000272 0.001402 0.999999 0.000373 0.002003 0.999998 0.002059 -0.005908 0.999980 -0.002089 0.075679 0.997130 
0.091611 0.032467 0.995265 0.073939 -0.011825 0.997193 -0.000272 0.001399 0.999999 0.000324 0.001753 0.999998 0.001734 -0.004929 0.999986 -0.002034 0.077340 0.997003 
0.091348 0.032608 0.995285 0.071930 -0.011386 0.997345 -0.000278 0.001426 0.999999 0.000302 0.001648 0.999999 0.001453 -0.004099 0.999991 -0.001918 0.078079 0.996945 
0.090603 0.032553 0.995355 0.069704 -0.010896 0.997508 -0.000282 0.001445 0.999999 0.001189 -0.003331 0.999994 0.000280 0.001545 0.999999 -0.001760 0.078344 0.996925 
0.089290 0.032145 0.995487 0.067488 -0.010437 0.997665 -0.000279 0.001425 0.999999 0.001041 -0.002910 0.999995 0.000260 0.001449 0.999999 -0.001626 0.078058 0.996948 
0.087172 0.031375 0.995699 0.065339 -0.010069 0.997812 -0.000268 0.001372 0.999999 0.000980 -0.002741 0.999996 0.000243 0.001359 0.999999 -0.001559 0.076642 0.997057 
0.084660 0.030427 0.995945 0.063060 -0.009704 0.997963 -0.000255 0.001302 0.999999 0.000965 -0.002701 0.999996 0.000228 0.001274 0.999999 -0.001502 0.074842 0.997194 
0.081904 0.029366 0.996208 0.060609 -0.009305 0.998118 -0.000241 0.001235 0.999999 0.000942 -0.002644 0.999996 0.000213 0.001193 0.999999 -0.001438 0.072827 0.997344 
0.078898 0.028200 0.996484 0.058033 -0.008902 0.998275 -0.000227 0.001160 0.999999 0.000946 -0.002663 0.999996 0.000199 0.001115 0.999999 -0.001383 0.070621 0.997502 
0.075737 0.026981 0.996763 0.055307 -0.008474 0.998433 -0.000212 0.001087 0.999999 0.000941 -0.002658 0.999996 0.000185 0.001041 0.999999 -0.001326 0.068288 0.997665 
0.072438 0.025733 0.997041 0.052398 -0.008026 0.998594 -0.000199 0.001020 0.999999 0.000923 -0.002615 0.999996 0.000172 0.000968 1.000000 -0.001271 0.065883 0.997827 
0.069127 0.024501 0.997307 0.049319 -0.007554 0.998755 -0.000190 0.000976 1.000000 0.000831 -0.002359 0.999997 0.000159 0.000896 1.000000 -0.001215 0.063433 0.997985 
0.065680 0.023263 0.997570 0.046053 -0.007054 0.998914 -0.000181 0.000928 1.000000 0.000760 -0.002159 0.999997 0.000147 0.000826 1.000000 -0.001156 0.060986 0.998138 
0.062170 0.022015 0.997823 0.042568 -0.006520 0.999072 -0.000177 0.000908 1.000000 0.000600 -0.001704 0.999998 0.000135 0.000757 1.000000 -0.001094 0.058442 0.998290 
0.058429 0.020691 0.998077 0.038843 -0.005949 0.999228 -0.000174 0.000892 1.000000 0.000420 -0.001194 0.999999 0.000122 0.000688 1.000000 -0.001029 0.055725 0.998446 
0.054652 0.019367 0.998318 0.034891 -0.005343 0.999377 -0.000175 0.000899 1.000000 0.000174 -0.000493 1.000000 0.000110 0.000619 1.000000 -0.000963 0.052980 0.998595 
0.050594 0.017931 0.998558 0.030693 -0.004700 0.999518 -0.000164 0.000839 1.000000 0.000157 -0.000446 1.000000 0.000098 0.000549 1.000000 -0.000909 0.050574 0.998720 
0.046291 0.016408 0.998793 0.026250 -0.004020 0.999647 -0.000152 0.000777 1.000000 0.000139 -0.000395 1.000000 0.000085 0.000478 1.000000 -0.000853 0.048016 0.998846 
0.041757 0.014804 0.999018 0.021537 -0.003298 0.999763 -0.000145 0.000744 1.000000 0.000090 -0.000255 1.000000 0.000072 0.000406 1.000000 -0.000800 0.045339 0.998971 
0.037002 0.013120 0.999229 0.016533 -0.002532 0.999860 -0.000136 0.000700 1.000000 0.000020 -0.000056 1.000000 0.000059 0.000333 1.000000 -0.000745 0.042507 0.999096 
0.031987 0.011345 0.999424 0.011224 -0.001719 0.999936 -0.000129 0.000661 1.000000 -0.000041 0.000117 1.000000 0.000046 0.000257 1.000000 -0.000687 0.039621 0.999215 
0.026738 0.009486 0.999597 0.005584 -0.000855 0.999984 -0.000145 0.000741 1.000000 -0.000271 0.000769 1.000000 0.000032 0.000180 1.000000 -0.000627 0.036544 0.999332 
0.021299 0.007556 0.999745 0.003842 -0.000589 0.999992 -0.000338 0.001727 0.999998 -0.000336 0.000953 0.999999 0.000121 0.000679 1.000000 -0.000622 0.031633 0.999499 
0.017109 0.006066 0.999835 0.000885 -0.000136 1.000000 -0.000432 0.002208 0.999997 -0.000417 0.001182 0.999999 0.000525 0.002943 0.999996 -0.000506 0.025825 0.999666 
0.013852 0.004910 0.999892 0.001813 -0.000279 0.999998 -0.000350 0.001790 0.999998 -0.000621 0.001761 0.999998 0.000005 0.000028 1.000000 -0.000450 0.022512 0.999746 
0.010441 0.003702 0.999939 0.001628 -0.000250 0.999999 -0.000363 0.001853 0.999998 -0.000788 0.002236 0.999997 0.000001 0.000007 1.000000 -0.000350 0.017245 0.999851 
0.006379 0.002263 0.999977 0.001435 -0.000221 0.999999 -0.000383 0.001946 0.999998 -0.001019 0.002888 0.999995 -0.000001 -0.000004 1.000000 -0.000253 0.010894 0.999941 
0.001014 0.000360 0.999999 0.000772 -0.000119 1.000000 -0.000563 0.002798 0.999996 -0.000059 -0.000330 1.000000 -0.001958 0.005549 0.999983 -0.000133 0.003614 0.999993 
-0.000456 -0.000161 1.000000 0.000776 -0.000119 1.000000 -0.000638 0.003137 0.999995 0.000016 0.000090 1.000000 -0.002150 0.006116 0.999979 -0.000053 0.001218 0.999999 
-0.000194 -0.000068 1.000000 -0.000172 0.000026 1.000000 -0.000432 0.002124 0.999998 -0.000174 -0.000975 1.000000 -0.001728 0.004918 0.999986 -0.000103 0.002360 0.999997 
-0.000367 -0.000130 1.000000 -0.000694 0.000107 1.000000 -0.000312 0.001537 0.999999 -0.000169 -0.000946 1.000000 -0.001263 0.003595 0.999993 -0.000096 0.002193 0.999998 
-0.001185 -0.000419 0.999999 -0.002340 0.000359 0.999997 -0.000173 0.000850 1.000000 -0.000168 -0.000944 1.000000 -0.000761 0.002161 0.999997 -0.000086 0.001954 0.999998 
-0.003133 -0.001112 0.999994 -0.005121 0.000781 0.999987 -0.000015 0.000071 1.000000 -0.000347 -0.001956 0.999998 -0.000421 0.001194 0.999999 -0.000080 0.001808 0.999998 
-0.005614 -0.001999 0.999982 -0.007939 0.001203 0.999968 0.000091 -0.000443 1.000000 -0.000636 -0.003612 0.999993 -0.000408 0.001153 0.999999 -0.000073 0.001652 0.999999 
-0.007818 -0.002793 0.999966 -0.010283 0.001548 0.999946 0.000065 -0.000314 1.000000 -0.000827 -0.004723 0.999989 -0.000849 0.002389 0.999997 -0.000055 0.001234 0.999999 
-0.009609 -0.003444 0.999948 -0.012360 0.001848 0.999922 0.000036 -0.000173 1.000000 -0.000908 -0.005211 0.999986 -0.000986 0.002767 0.999996 -0.000051 0.001156 0.999999 
-0.010875 -0.003908 0.999933 -0.014003 0.002082 0.999900 -0.000070 0.000337 1.000000 -0.000844 -0.004869 0.999988 -0.001201 0.003360 0.999994 -0.000049 0.001091 0.999999 
-0.011704 -0.004217 0.999923 -0.015118 0.002236 0.999883 -0.000230 0.001108 0.999999 -0.000697 -0.004037 0.999992 -0.001483 0.004141 0.999990 -0.000046 0.001036 0.999999 
-0.012180 -0.004398 0.999916 -0.015817 0.002330 0.999872 -0.000433 0.002084 0.999998 -0.000486 -0.002825 0.999996 -0.001828 0.005093 0.999985 -0.000044 0.000989 1.000000 
-0.012362 -0.004471 0.999914 -0.016179 0.002375 0.999866 -0.000671 0.003228 0.999995 -0.000223 -0.001302 0.999999 -0.002228 0.006196 0.999978 -0.000042 0.000949 1.000000 
-0.012600 -0.004558 0.999910 -0.015578 0.002286 0.999876 -0.000869 0.004179 0.999991 -0.000144 -0.000839 1.000000 -0.002634 0.007325 0.999970 -0.000041 0.000912 1.000000 
-0.012821 -0.004636 0.999907 -0.015068 0.002211 0.999884 -0.001005 0.004832 0.999988 -0.000133 -0.000776 1.000000 -0.002987 0.008310 0.999961 -0.000039 0.000880 1.000000 
-0.012834 -0.004638 0.999907 -0.014022 0.002057 0.999900 -0.001139 0.005476 0.999984 -0.000123 -0.000717 1.000000 -0.003264 0.009085 0.999953 -0.000038 0.000854 1.000000 
-0.012663 -0.004575 0.999909 -0.012601 0.001849 0.999919 -0.001257 0.006049 0.999981 -0.000113 -0.000660 1.000000 -0.003443 0.009586 0.999948 -0.000037 0.000833 1.000000 
-0.012094 -0.004368 0.999917 -0.010884 0.001597 0.999939 -0.001328 0.006391 0.999979 -0.000104 -0.000606 1.000000 -0.003507 0.009768 0.999946 -0.000036 0.000815 1.000000 
-0.011016 -0.003978 0.999931 -0.008867 0.001301 0.999960 -0.001336 0.006431 0.999978 -0.000095 -0.000556 1.000000 -0.003445 0.009596 0.999948 -0.000035 0.000800 1.000000 
-0.009368 -0.003382 0.999950 -0.006540 0.000960 0.999978 -0.001274 0.006129 0.999980 -0.000087 -0.000509 1.000000 -0.003248 0.009048 0.999954 -0.000035 0.000787 1.000000 
-0.007045 -0.002543 0.999972 -0.003745 0.000550 0.999993 -0.001138 0.005474 0.999984 -0.000080 -0.000468 1.000000 -0.002914 0.008118 0.999963 -0.000034 0.000761 1.000000 
-0.004807 -0.001735 0.999987 -0.002419 0.000355 0.999997 -0.000893 0.004295 0.999990 -0.000051 -0.000298 1.000000 -0.002487 0.006928 0.999973 -0.000025 0.000567 1.000000 
-0.002287 -0.000825 0.999997 -0.001098 0.000161 0.999999 -0.000608 0.002926 0.999996 -0.000023 -0.000136 1.000000 -0.002047 0.005701 0.999982 -0.000015 0.000326 1.000000 
-0.000032 -0.000011 1.000000 -0.002668 0.000392 0.999996 -0.000125 0.000601 1.000000 -0.000364 -0.002123 0.999998 -0.001520 0.004233 0.999990 -0.000129 0.002956 0.999996 
0.000065 0.000023 1.000000 -0.002276 0.000334 0.999997 -0.000039 0.000187 1.000000 -0.000348 -0.002031 0.999998 -0.000995 0.002771 0.999996 -0.000126 0.002885 0.999996 
0.000071 0.000026 1.000000 -0.001216 0.000179 0.999999 0.000019 -0.000092 1.000000 -0.000621 -0.003620 0.999993 -0.000442 0.001231 0.999999 -0.000213 0.004894 0.999988 
0.000001 0.000000 1.000000 -0.000329 0.000048 1.000000 0.000078 -0.000378 1.000000 -0.000817 -0.004766 0.999988 -0.000095 0.000266 1.000000 -0.000252 0.005749 0.999983 
0.000175 0.000063 1.000000 -0.000230 0.000034 1.000000 0.000012 -0.000058 1.000000 -0.000645 -0.003761 0.999993 -0.000049 0.000137 1.000000 -0.000241 0.005493 0.999985 
0.000500 0.000181 1.000000 0.002715 -0.000398 0.999996 0.000010 -0.000049 1.000000 -0.001120 -0.006542 0.999978 -0.000045 0.000126 1.000000 -0.000329 0.007276 0.999973 
0.001695 0.000612 0.999998 0.003134 -0.000459 0.999995 -0.000022 0.000105 1.000000 -0.001080 -0.006308 0.999980 -0.000045 0.000126 1.000000 -0.000399 0.008751 0.999962 
0.003653 0.001319 0.999992 0.002837 -0.000416 0.999996 -0.000036 0.000175 1.000000 -0.000975 -0.005695 0.999983 -0.000087 0.000242 1.000000 -0.000508 0.011127 0.999938 
0.005986 0.002160 0.999980 0.004419 -0.000647 0.999990 -0.000049 0.000234 1.000000 -0.001132 -0.006613 0.999977 -0.000348 0.000968 0.999999 -0.000649 0.013904 0.999903 
0.007190 0.002597 0.999971 0.006142 -0.000899 0.999981 -0.000132 0.000630 1.000000 -0.001279 -0.007477 0.999971 -0.000583 0.001623 0.999999 -0.000777 0.015770 0.999875 
0.008683 0.003136 0.999957 0.006093 -0.000892 0.999981 -0.000192 0.000917 1.000000 -0.001154 -0.006743 0.999977 -0.000704 0.001959 0.999998 -0.000865 0.017436 0.999848 
0.010023 0.003620 0.999943 0.007664 -0.001122 0.999970 -0.000240 0.001145 0.999999 -0.001302 -0.007608 0.999970 -0.000815 0.002268 0.999997 -0.000986 0.019532 0.999809 
0.011009 0.003975 0.999931 0.008284 -0.001212 0.999965 -0.000299 0.001423 0.999999 -0.001368 -0.007993 0.999967 -0.000905 0.002519 0.999996 -0.001093 0.021466 0.999769 
0.011899 0.004297 0.999920 0.009226 -0.001351 0.999957 -0.000419 0.001994 0.999998 -0.001335 -0.007801 0.999969 -0.000962 0.002679 0.999996 -0.001187 0.023041 0.999734 
0.012707 0.004588 0.999909 0.008378 -0.001229 0.999964 -0.000441 0.002101 0.999998 -0.001192 -0.006956 0.999975 -0.001109 0.003087 0.999995 -0.001227 0.023702 0.999718 
0.013416 0.004845 0.999898 0.008156 -0.001194 0.999966 -0.000454 0.002159 0.999998 -0.001135 -0.006632 0.999977 -0.001220 0.003397 0.999993 -0.001265 0.024345 0.999703 
0.013998 0.005055 0.999889 0.008154 -0.001195 0.999966 -0.000456 0.002168 0.999998 -0.001130 -0.006600 0.999978 -0.001300 0.003619 0.999993 -0.001303 0.024963 0.999688 
0.014392 0.005197 0.999883 0.008650 -0.001267 0.999962 -0.000534 0.002540 0.999997 -0.001007 -0.005881 0.999982 -0.001368 0.003809 0.999992 -0.001305 0.024921 0.999689 
0.014626 0.005282 0.999879 0.007867 -0.001152 0.999968 -0.000531 0.002524 0.999997 -0.000910 -0.005316 0.999985 -0.001447 0.004027 0.999991 -0.001306 0.024919 0.999689 
0.014637 0.005286 0.999879 0.010914 -0.001598 0.999939 -0.000530 0.002517 0.999997 -0.001329 -0.007761 0.999969 -0.001493 0.004157 0.999990 -0.001366 0.025463 0.999675 
0.014550 0.005254 0.999880 0.011291 -0.001655 0.999935 -0.000695 0.003294 0.999994 -0.000939 -0.005478 0.999985 -0.001587 0.004418 0.999989 -0.001286 0.023676 0.999719 
0.014438 0.005214 0.999882 0.010262 -0.001504 0.999946 -0.000683 0.003240 0.999995 -0.000849 -0.004958 0.999987 -0.001684 0.004688 0.999988 -0.001266 0.023298 0.999728 
0.014381 0.005194 0.999883 0.009220 -0.001352 0.999957 -0.000669 0.003174 0.999995 -0.000787 -0.004592 0.999989 -0.001787 0.004973 0.999986 -0.001259 0.023177 0.999731 
0.014378 0.005193 0.999883 0.008371 -0.001228 0.999964 -0.000573 0.002719 0.999996 -0.001085 -0.006333 0.999979 -0.001880 0.005233 0.999985 -0.001347 0.024863 0.999690 
0.014128 0.005103 0.999887 0.008374 -0.001229 0.999964 -0.000613 0.002908 0.999996 -0.000980 -0.005716 0.999983 -0.001956 0.005445 0.999983 -0.001304 0.023940 0.999713 
0.013780 0.004977 0.999893 0.007834 -0.001150 0.999969 -0.000659 0.003126 0.999995 -0.000815 -0.004754 0.999988 -0.002031 0.005653 0.999982 -0.001254 0.022966 0.999735 
0.013732 0.004959 0.999893 0.007105 -0.001043 0.999974 -0.000656 0.003111 0.999995 -0.000737 -0.004295 0.999991 -0.002109 0.005870 0.999981 -0.001238 0.022655 0.999743 
0.013470 0.004865 0.999897 0.005771 -0.000847 0.999983 -0.000585 0.002774 0.999996 -0.000834 -0.004866 0.999988 -0.002153 0.005991 0.999980 -0.001262 0.023222 0.999730 
0.013193 0.004766 0.999902 0.005200 -0.000763 0.999986 -0.000578 0.002743 0.999996 -0.000752 -0.004387 0.999990 -0.002171 0.006042 0.999979 -0.001224 0.022521 0.999746 
0.012823 0.004633 0.999907 0.004690 -0.000688 0.999989 -0.000568 0.002696 0.999996 -0.000678 -0.003959 0.999992 -0.002171 0.006041 0.999979 -0.001180 0.021709 0.999764 
0.012385 0.004476 0.999913 0.004230 -0.000620 0.999991 -0.000555 0.002630 0.999996 -0.000612 -0.003572 0.999993 -0.002149 0.005978 0.999980 -0.001132 0.020818 0.999783 
0.011765 0.004250 0.999922 0.004989 -0.000733 0.999987 -0.000567 0.002686 0.999996 -0.000656 -0.003822 0.999992 -0.002109 0.005870 0.999981 -0.001090 0.019831 0.999803 
