-0.002882 0.002890 0.999992 0.006303 0.006340 0.999960 0.006324 0.006284 0.999960 -0.002801 0.002686 0.999992 
-0.001486 0.001490 0.999998 0.005996 0.006033 0.999964 0.006024 0.005987 0.999964 -0.001382 0.001325 0.999998 
0.000149 -0.000150 1.000000 0.006637 0.006678 0.999956 0.006679 0.006639 0.999956 0.000304 -0.000291 1.000000 
0.000289 -0.000289 1.000000 0.007329 0.007381 0.999946 0.007376 0.007338 0.999946 0.000462 -0.000443 1.000000 
0.000274 -0.000275 1.000000 0.006625 0.006672 0.999956 0.006668 0.006633 0.999956 0.000432 -0.000413 1.000000 
0.000261 -0.000261 1.000000 0.005985 0.006027 0.999964 0.006024 0.005992 0.999964 0.000403 -0.000386 1.000000 
0.000252 -0.000252 1.000000 0.005400 0.005438 0.999971 0.005435 0.005407 0.999971 0.000381 -0.000365 1.000000 
0.001591 -0.001595 0.999997 0.003801 0.003827 0.999985 0.003835 0.003814 0.999985 0.001713 -0.001642 0.999997 
0.004105 -0.004104 0.999983 0.005509 0.005559 0.999969 0.005568 0.005551 0.999969 0.004321 -0.004131 0.999982 
0.004540 -0.004538 0.999979 0.004960 0.005006 0.999975 0.005019 0.005003 0.999975 0.004753 -0.004544 0.999978 
0.008256 -0.008265 0.999932 -0.000066 -0.000066 1.000000 -0.000015 -0.000015 1.000000 0.008435 -0.008076 0.999932 
0.009834 -0.009841 0.999903 -0.000209 -0.000211 1.000000 -0.000150 -0.000149 1.000000 0.010045 -0.009613 0.999903 
0.011172 -0.011182 0.999875 0.001123 0.001132 0.999999 0.001199 0.001193 0.999999 0.011443 -0.010953 0.999875 
0.011856 -0.011899 0.999859 0.000349 0.000351 1.000000 0.000424 0.000421 1.000000 0.012124 -0.011638 0.999859 
0.013858 -0.013917 0.999807 0.000361 0.000363 1.000000 0.000449 0.000445 1.000000 0.014171 -0.013610 0.999807 
0.013574 -0.013634 0.999815 -0.001177 -0.001182 0.999999 -0.001100 -0.001091 0.999999 0.013846 -0.013300 0.999816 
0.014049 -0.014100 0.999802 0.000090 0.000091 1.000000 0.000177 0.000176 1.000000 0.014360 -0.013783 0.999802 
0.017306 -0.017368 0.999699 0.000069 0.000070 1.000000 0.000176 0.000175 1.000000 0.017688 -0.016976 0.999699 
0.013878 -0.014235 0.999802 -0.000221 -0.000218 1.000000 -0.000136 -0.000132 1.000000 0.014185 -0.013915 0.999803 
0.003978 -0.004394 0.999982 0.004580 0.004184 0.999981 0.004632 0.004180 0.999981 0.004170 -0.004404 0.999982 
-0.001330 0.001531 0.999998 0.003370 0.002953 0.999990 0.003378 0.002924 0.999990 -0.001296 0.001426 0.999998 
-0.000879 0.001013 0.999999 0.000169 0.000148 1.000000 0.000164 0.000141 1.000000 -0.000898 0.000990 0.999999 
-0.000794 0.000916 0.999999 0.000192 0.000168 1.000000 0.000187 0.000162 1.000000 -0.000811 0.000894 0.999999 
0.000587 -0.000665 1.000000 0.004670 0.004158 0.999980 0.004700 0.004133 0.999980 0.000696 -0.000754 0.999999 
0.002228 -0.002515 0.999994 0.004051 0.003620 0.999985 0.004088 0.003609 0.999985 0.002365 -0.002553 0.999994 
0.002791 -0.003159 0.999991 0.000960 0.000855 0.999999 0.000984 0.000867 0.999999 0.002880 -0.003117 0.999991 
0.000238 0.000209 1.000000 -0.006479 -0.001712 0.999978 0.000359 -0.000754 1.000000 0.006077 -0.006587 0.999960 0.000197 -0.000825 1.000000 -0.003863 0.008758 0.999954 
0.000230 0.000202 1.000000 0.000400 0.000105 1.000000 0.001024 -0.002154 0.999997 0.008894 -0.009640 0.999914 0.000522 -0.002197 0.999997 -0.001648 0.003739 0.999992 
0.000152 0.000135 1.000000 0.000348 0.000092 1.000000 0.001274 -0.002676 0.999996 0.009732 -0.010504 0.999897 0.000707 -0.002977 0.999995 -0.001677 0.003805 0.999991 
0.000122 0.000108 1.000000 0.000281 0.000074 1.000000 0.001238 -0.002600 0.999996 0.009204 -0.009916 0.999908 0.000872 -0.003675 0.999993 -0.001726 0.003919 0.999991 
0.000045 0.000040 1.000000 0.000201 0.000053 1.000000 0.001024 -0.002151 0.999997 0.007732 -0.008325 0.999935 0.000657 -0.002768 0.999996 -0.001390 0.003156 0.999994 
0.000014 0.000012 1.000000 -0.001362 -0.000359 0.999999 0.000633 -0.001329 0.999999 0.005151 -0.005545 0.999971 0.000126 -0.000531 1.000000 -0.001223 0.002776 0.999995 
0.000004 0.000004 1.000000 -0.005465 -0.001442 0.999984 0.000101 -0.000211 1.000000 0.001684 -0.001813 0.999997 0.000038 -0.000159 1.000000 -0.002281 0.005182 0.999984 
0.000001 0.000001 1.000000 -0.010427 -0.002758 0.999942 -0.000000 0.000001 1.000000 0.001334 -0.001436 0.999998 -0.000055 0.000229 1.000000 -0.003945 0.008965 0.999952 
0.000092 0.000081 1.000000 -0.014675 -0.003902 0.999885 -0.000321 0.000673 1.000000 0.000579 -0.000623 1.000000 -0.000487 0.002028 0.999998 -0.005316 0.012076 0.999913 
-0.001616 -0.001431 0.999998 -0.018464 -0.004926 0.999817 -0.001534 0.003218 0.999994 -0.001818 0.001956 0.999996 -0.001559 0.006469 0.999978 -0.006007 0.013667 0.999889 
0.000536 0.000474 1.000000 -0.022566 -0.006043 0.999727 -0.002210 0.004630 0.999987 -0.003834 0.004124 0.999984 -0.002656 0.010980 0.999936 -0.007813 0.017754 0.999812 
0.001173 0.001039 0.999999 -0.027311 -0.007323 0.999600 -0.003049 0.006359 0.999975 -0.005853 0.006297 0.999963 -0.003704 0.015302 0.999876 -0.009491 0.021413 0.999726 
0.003883 0.003436 0.999987 -0.032669 -0.008749 0.999428 -0.003629 0.007499 0.999965 -0.008506 0.009158 0.999922 -0.004558 0.018875 0.999811 -0.011969 0.026567 0.999575 
0.005893 0.005217 0.999969 -0.037984 -0.010122 0.999227 -0.004189 0.008549 0.999955 -0.011393 0.012258 0.999860 -0.005202 0.021683 0.999751 -0.014288 0.031030 0.999416 
0.004368 0.003865 0.999983 -0.043283 -0.011469 0.998997 -0.004799 0.009693 0.999942 -0.011858 0.012766 0.999848 -0.005641 0.023681 0.999704 -0.016027 0.034153 0.999288 
0.003894 0.003445 0.999986 -0.048759 -0.012868 0.998728 -0.005020 0.010009 0.999937 -0.011652 0.012544 0.999853 -0.005965 0.025181 0.999665 -0.018130 0.037770 0.999122 
0.003473 0.003073 0.999989 -0.053806 -0.014181 0.998451 -0.005185 0.010204 0.999934 -0.012398 0.013348 0.999834 -0.006209 0.026273 0.999636 -0.019837 0.040427 0.998986 
0.003123 0.002763 0.999991 -0.058068 -0.015301 0.998195 -0.005250 0.010218 0.999934 -0.013446 0.014477 0.999805 -0.006323 0.026781 0.999621 -0.021161 0.042343 0.998879 
0.002831 0.002505 0.999993 -0.061177 -0.016125 0.997997 -0.005260 0.010162 0.999935 -0.014347 0.015447 0.999778 -0.006347 0.026886 0.999618 -0.022076 0.043645 0.998803 
0.002571 0.002275 0.999994 -0.062502 -0.016482 0.997909 -0.005369 0.010350 0.999932 -0.014873 0.016013 0.999761 -0.006384 0.027030 0.999614 -0.022473 0.044282 0.998766 
0.002331 0.002063 0.999995 -0.063090 -0.016635 0.997869 -0.005317 0.010245 0.999933 -0.015023 0.016175 0.999756 -0.006363 0.026948 0.999617 -0.022474 0.044256 0.998767 
0.002112 0.001869 0.999996 -0.063505 -0.016737 0.997841 -0.004977 0.009586 0.999942 -0.014796 0.015931 0.999764 -0.006219 0.026350 0.999633 -0.022219 0.043716 0.998797 
0.001911 0.001690 0.999997 -0.063205 -0.016654 0.997862 -0.004788 0.009220 0.999946 -0.014288 0.015384 0.999780 -0.006018 0.025495 0.999657 -0.022086 0.043453 0.998811 
0.001728 0.001529 0.999997 -0.062696 -0.016524 0.997896 -0.004529 0.008721 0.999952 -0.013595 0.014638 0.999800 -0.005708 0.024164 0.999692 -0.021956 0.043191 0.998826 
0.001562 0.001382 0.999998 -0.062009 -0.016348 0.997942 -0.004228 0.008140 0.999958 -0.012736 0.013713 0.999825 -0.005328 0.022538 0.999732 -0.021829 0.042937 0.998839 
0.001412 0.001250 0.999998 -0.061116 -0.016114 0.998001 -0.003901 0.007511 0.999964 -0.011734 0.012634 0.999851 -0.004901 0.020715 0.999773 -0.021687 0.042652 0.998855 
0.001268 0.001122 0.999999 -0.060030 -0.015825 0.998071 -0.003564 0.006860 0.999970 -0.010633 0.011449 0.999878 -0.004454 0.018815 0.999813 -0.021507 0.042292 0.998874 
0.001132 0.001002 0.999999 -0.058810 -0.015499 0.998149 -0.003243 0.006242 0.999975 -0.009569 0.010303 0.999901 -0.004027 0.017007 0.999847 -0.021270 0.041820 0.998899 
0.001013 0.000896 0.999999 -0.057591 -0.015167 0.998225 -0.002941 0.005661 0.999980 -0.008615 0.009276 0.999920 -0.003623 0.015303 0.999876 -0.021004 0.041294 0.998926 
0.000909 0.000804 0.999999 -0.056282 -0.014814 0.998305 -0.002652 0.005106 0.999983 -0.007758 0.008353 0.999935 -0.003238 0.013680 0.999901 -0.020674 0.040653 0.998959 
0.000817 0.000723 0.999999 -0.054997 -0.014464 0.998382 -0.002373 0.004570 0.999987 -0.006984 0.007519 0.999947 -0.002862 0.012097 0.999923 -0.020339 0.039990 0.998993 
0.000735 0.000650 1.000000 -0.053543 -0.014077 0.998466 -0.002098 0.004039 0.999990 -0.006281 0.006763 0.999957 -0.002490 0.010522 0.999942 -0.019924 0.039167 0.999034 
0.000659 0.000583 1.000000 -0.051912 -0.013653 0.998558 -0.001830 0.003522 0.999992 -0.005625 0.006057 0.999966 -0.002129 0.008987 0.999957 -0.019434 0.038193 0.999081 
0.000589 0.000522 1.000000 -0.050118 -0.013192 0.998656 -0.001606 0.003092 0.999994 -0.005004 0.005388 0.999973 -0.001830 0.007716 0.999969 -0.018870 0.037094 0.999134 
0.000526 0.000466 1.000000 -0.048258 -0.012719 0.998754 -0.001409 0.002712 0.999995 -0.004432 0.004771 0.999979 -0.001594 0.006708 0.999976 -0.018242 0.035870 0.999190 
0.000469 0.000415 1.000000 -0.046498 -0.012267 0.998843 -0.001204 0.002318 0.999997 -0.003900 0.004198 0.999984 -0.001312 0.005515 0.999984 -0.017684 0.034768 0.999239 
0.000417 0.000369 1.000000 -0.044660 -0.011793 0.998933 -0.001059 0.002039 0.999997 -0.003407 0.003667 0.999987 -0.001100 0.004619 0.999989 -0.017099 0.033632 0.999288 
0.000370 0.000328 1.000000 -0.042863 -0.011332 0.999017 -0.000943 0.001815 0.999998 -0.002954 0.003179 0.999991 -0.000942 0.003947 0.999992 -0.016514 0.032485 0.999336 
0.000330 0.000293 1.000000 -0.041164 -0.010895 0.999093 -0.000811 0.001562 0.999998 -0.002542 0.002735 0.999993 -0.000806 0.003373 0.999994 -0.015906 0.031293 0.999384 
0.000308 0.000273 1.000000 -0.039447 -0.010453 0.999167 -0.000743 0.001430 0.999999 -0.002236 0.002405 0.999995 -0.000733 0.003065 0.999995 -0.015301 0.030103 0.999430 
0.000285 0.000253 1.000000 -0.037735 -0.010010 0.999238 -0.000693 0.001334 0.999999 -0.001951 0.002098 0.999996 -0.000671 0.002801 0.999996 -0.014702 0.028936 0.999473 
0.000360 0.000319 1.000000 -0.036066 -0.009582 0.999303 -0.000660 0.001271 0.999999 -0.001933 0.002077 0.999996 -0.000620 0.002582 0.999996 -0.014100 0.027747 0.999516 
0.000336 0.000298 1.000000 -0.034496 -0.009178 0.999363 -0.000623 0.001199 0.999999 -0.001655 0.001778 0.999997 -0.000605 0.002519 0.999997 -0.013528 0.026624 0.999554 
0.000313 0.000277 1.000000 -0.033051 -0.008802 0.999415 -0.000588 0.001131 0.999999 -0.001414 0.001519 0.999998 -0.000568 0.002359 0.999997 -0.013016 0.025625 0.999587 
0.000290 0.000257 1.000000 -0.031761 -0.008466 0.999460 -0.000546 0.001051 0.999999 -0.001270 0.001364 0.999998 -0.000526 0.002184 0.999997 -0.012530 0.024662 0.999617 
0.000270 0.000240 1.000000 -0.030557 -0.008153 0.999500 -0.000534 0.001028 0.999999 -0.001171 0.001257 0.999999 -0.000534 0.002214 0.999997 -0.012047 0.023734 0.999646 
0.000252 0.000224 1.000000 -0.029549 -0.007891 0.999532 -0.000495 0.000952 0.999999 -0.001077 0.001157 0.999999 -0.000476 0.001973 0.999998 -0.011671 0.022999 0.999667 
-0.000045 -0.000040 1.000000 -0.028670 -0.007663 0.999560 -0.000559 0.001076 0.999999 -0.001400 0.001503 0.999998 -0.000437 0.001809 0.999998 -0.011202 0.022093 0.999693 
-0.000003 -0.000002 1.000000 -0.027839 -0.007445 0.999585 -0.000497 0.000958 0.999999 -0.001057 0.001134 0.999999 -0.000390 0.001612 0.999999 -0.010964 0.021638 0.999706 
0.000016 0.000014 1.000000 -0.027196 -0.007276 0.999604 -0.000434 0.000837 1.000000 -0.000980 0.001051 0.999999 -0.000331 0.001368 0.999999 -0.010705 0.021137 0.999719 
0.000028 0.000025 1.000000 -0.026620 -0.007126 0.999620 -0.000442 0.000852 1.000000 -0.000906 0.000973 0.999999 -0.000388 0.001603 0.999999 -0.010457 0.020665 0.999732 
0.000039 0.000035 1.000000 -0.026159 -0.007005 0.999633 -0.000438 0.000844 1.000000 -0.000840 0.000901 0.999999 -0.000374 0.001546 0.999999 -0.010306 0.020385 0.999739 
0.000415 0.000368 1.000000 -0.025842 -0.006922 0.999642 -0.000438 0.000845 1.000000 -0.001200 0.001288 0.999998 -0.000336 0.001389 0.999999 -0.010278 0.020350 0.999740 
0.002914 0.002591 0.999992 -0.024927 -0.006686 0.999667 -0.000705 0.001362 0.999999 -0.004373 0.004687 0.999979 -0.000460 0.001897 0.999998 -0.010355 0.020576 0.999735 
0.002405 0.002139 0.999995 -0.024274 -0.006520 0.999684 -0.000917 0.001775 0.999998 -0.004799 0.005141 0.999975 -0.000514 0.002116 0.999998 -0.009955 0.019854 0.999753 
0.001596 0.001420 0.999998 -0.023795 -0.006402 0.999696 -0.001096 0.002125 0.999997 -0.004931 0.005280 0.999974 -0.000597 0.002452 0.999997 -0.009499 0.019003 0.999774 
0.002056 0.001830 0.999996 -0.023606 -0.006352 0.999701 -0.001022 0.001982 0.999998 -0.005092 0.005451 0.999972 -0.000538 0.002211 0.999997 -0.009542 0.019090 0.999772 
0.001840 0.001637 0.999997 -0.023449 -0.006310 0.999705 -0.000957 0.001857 0.999998 -0.004694 0.005026 0.999976 -0.000473 0.001945 0.999998 -0.009469 0.018956 0.999775 
0.001681 0.001496 0.999997 -0.023343 -0.006283 0.999708 -0.000858 0.001665 0.999998 -0.004301 0.004605 0.999980 -0.000373 0.001532 0.999999 -0.009425 0.018877 0.999777 
0.004462 0.003976 0.999982 -0.022995 -0.006190 0.999716 -0.000684 0.001326 0.999999 -0.005175 0.005533 0.999971 -0.000377 0.001548 0.999999 -0.010109 0.020235 0.999744 
0.002852 0.002541 0.999993 -0.022774 -0.006134 0.999722 -0.001114 0.002164 0.999997 -0.006363 0.006806 0.999957 -0.000487 0.001999 0.999998 -0.009353 0.018791 0.999780 
0.002592 0.002309 0.999994 -0.022744 -0.006128 0.999723 -0.001014 0.001971 0.999998 -0.005800 0.006204 0.999964 -0.000428 0.001756 0.999998 -0.009309 0.018703 0.999782 
0.001696 0.001511 0.999997 -0.022685 -0.006114 0.999724 -0.001168 0.002273 0.999997 -0.006091 0.006516 0.999960 -0.000405 0.001661 0.999999 -0.008997 0.018107 0.999796 
0.001523 0.001357 0.999998 -0.022696 -0.006117 0.999724 -0.001074 0.002089 0.999997 -0.005554 0.005940 0.999967 -0.000359 0.001471 0.999999 -0.008995 0.018108 0.999796 
0.001386 0.001234 0.999998 -0.022659 -0.006108 0.999725 -0.001005 0.001957 0.999998 -0.005064 0.005416 0.999973 -0.000337 0.001383 0.999999 -0.008990 0.018111 0.999796 
0.001266 0.001128 0.999999 -0.022695 -0.006118 0.999724 -0.000920 0.001790 0.999998 -0.004636 0.004959 0.999977 -0.000287 0.001177 0.999999 -0.009005 0.018144 0.999795 
0.001158 0.001032 0.999999 -0.022725 -0.006126 0.999723 -0.000840 0.001635 0.999998 -0.004252 0.004548 0.999981 -0.000242 0.000992 0.999999 -0.009014 0.018165 0.999794 
0.001947 0.001735 0.999997 -0.022564 -0.006084 0.999727 -0.000820 0.001596 0.999998 -0.004752 0.005080 0.999976 -0.000267 0.001095 0.999999 -0.009111 0.018370 0.999790 
0.001772 0.001580 0.999997 -0.022520 -0.006073 0.999728 -0.000757 0.001474 0.999999 -0.004352 0.004651 0.999980 -0.000223 0.000916 1.000000 -0.009088 0.018328 0.999791 
0.001222 0.001090 0.999999 -0.022386 -0.006043 0.999731 -0.001221 0.002381 0.999996 -0.006874 0.007344 0.999949 -0.000250 0.001023 0.999999 -0.008589 0.017376 0.999812 
0.004079 0.003643 0.999985 -0.021956 -0.005930 0.999741 -0.000964 0.001878 0.999998 -0.006901 0.007363 0.999949 -0.000342 0.001398 0.999999 -0.009344 0.018881 0.999778 
0.003664 0.003272 0.999988 -0.021740 -0.005875 0.999746 -0.001086 0.002117 0.999997 -0.007712 0.008227 0.999936 -0.000325 0.001327 0.999999 -0.008981 0.018170 0.999795 
0.002368 0.002117 0.999995 -0.021503 -0.005818 0.999752 -0.001236 0.002411 0.999996 -0.007045 0.007511 0.999947 -0.000448 0.001828 0.999998 -0.008573 0.017382 0.999812 
0.002153 0.001924 0.999996 -0.021356 -0.005782 0.999755 -0.001180 0.002304 0.999997 -0.006412 0.006836 0.999956 -0.000520 0.002121 0.999998 -0.008463 0.017173 0.999817 
0.001957 0.001749 0.999997 -0.021349 -0.005781 0.999755 -0.001079 0.002107 0.999997 -0.005839 0.006225 0.999964 -0.000468 0.001910 0.999998 -0.008452 0.017150 0.999817 
0.001784 0.001594 0.999997 -0.021360 -0.005784 0.999755 -0.000988 0.001928 0.999998 -0.005332 0.005685 0.999970 -0.000421 0.001718 0.999998 -0.008446 0.017139 0.999817 
0.001311 0.001172 0.999998 -0.021349 -0.005782 0.999755 -0.000998 0.001949 0.999998 -0.004942 0.005268 0.999974 -0.000376 0.001534 0.999999 -0.008399 0.017053 0.999819 
0.001996 0.001785 0.999996 -0.021104 -0.005718 0.999761 -0.001132 0.002213 0.999997 -0.006038 0.006433 0.999961 -0.000440 0.001792 0.999998 -0.008411 0.017104 0.999818 
0.001814 0.001623 0.999997 -0.020965 -0.005682 0.999764 -0.001061 0.002075 0.999997 -0.005501 0.005860 0.999968 -0.000430 0.001754 0.999998 -0.008345 0.016980 0.999821 
0.001650 0.001476 0.999998 -0.020852 -0.005651 0.999767 -0.000983 0.001922 0.999998 -0.005021 0.005349 0.999973 -0.000385 0.001571 0.999999 -0.008302 0.016899 0.999823 
0.000795 0.000711 0.999999 -0.020672 -0.005605 0.999771 -0.001122 0.002197 0.999997 -0.004986 0.005310 0.999973 -0.000420 0.001710 0.999998 -0.007997 0.016307 0.999835 
0.000742 0.000664 1.000000 -0.020604 -0.005587 0.999772 -0.001018 0.001991 0.999997 -0.004568 0.004865 0.999978 -0.000363 0.001479 0.999999 -0.007978 0.016268 0.999836 
0.000006 0.000005 1.000000 -0.020433 -0.005541 0.999776 -0.001171 0.002295 0.999997 -0.004919 0.005240 0.999974 -0.000381 0.001552 0.999999 -0.007643 0.015616 0.999849 
0.000020 0.000018 1.000000 -0.020255 -0.005493 0.999780 -0.001077 0.002110 0.999997 -0.004499 0.004793 0.999978 -0.000330 0.001345 0.999999 -0.007624 0.015583 0.999850 
0.000035 0.000031 1.000000 -0.020037 -0.005435 0.999784 -0.000987 0.001935 0.999998 -0.004119 0.004388 0.999982 -0.000264 0.001074 0.999999 -0.007599 0.015540 0.999850 
0.000046 0.000041 1.000000 -0.019851 -0.005387 0.999788 -0.000889 0.001743 0.999998 -0.003774 0.004020 0.999985 -0.000279 0.001135 0.999999 -0.007475 0.015299 0.999855 
0.001437 0.001286 0.999998 -0.019553 -0.005307 0.999795 -0.000873 0.001711 0.999998 -0.004324 0.004603 0.999980 -0.000279 0.001136 0.999999 -0.007840 0.016040 0.999841 
0.001311 0.001173 0.999998 -0.019323 -0.005244 0.999800 -0.000791 0.001550 0.999998 -0.003963 0.004219 0.999983 -0.000233 0.000948 1.000000 -0.007728 0.015811 0.999845 
0.000964 0.000863 0.999999 -0.019074 -0.005176 0.999805 -0.000787 0.001544 0.999998 -0.003641 0.003876 0.999986 -0.000185 0.000752 1.000000 -0.007610 0.015578 0.999850 
0.000889 0.000795 0.999999 -0.018805 -0.005103 0.999810 -0.000716 0.001405 0.999999 -0.003355 0.003572 0.999988 -0.000136 0.000555 1.000000 -0.007501 0.015359 0.999854 
-0.000001 -0.000001 1.000000 -0.018392 -0.004995 0.999818 -0.000922 0.001810 0.999998 -0.003569 0.003798 0.999986 -0.000211 0.000858 1.000000 -0.007067 0.014507 0.999870 
0.001448 0.001297 0.999998 -0.017950 -0.004876 0.999827 -0.000852 0.001674 0.999998 -0.004394 0.004674 0.999979 -0.000185 0.000751 1.000000 -0.007247 0.014882 0.999863 
0.003987 0.003574 0.999986 -0.017325 -0.004711 0.999839 -0.000963 0.001892 0.999998 -0.006856 0.007286 0.999950 -0.000240 0.000973 0.999999 -0.007548 0.015502 0.999851 
0.003613 0.003239 0.999988 -0.016914 -0.004602 0.999846 -0.000876 0.001721 0.999998 -0.006226 0.006617 0.999959 -0.000209 0.000847 1.000000 -0.007315 0.015023 0.999860 
0.005241 0.004702 0.999975 -0.016357 -0.004453 0.999856 -0.000942 0.001848 0.999998 -0.007850 0.008336 0.999934 -0.000195 0.000790 1.000000 -0.007481 0.015354 0.999854 
0.004749 0.004260 0.999980 -0.015848 -0.004319 0.999865 -0.000863 0.001692 0.999998 -0.007121 0.007563 0.999946 -0.000182 0.000736 1.000000 -0.007182 0.014738 0.999866 
0.004305 0.003862 0.999983 -0.015381 -0.004195 0.999873 -0.000790 0.001549 0.999998 -0.006470 0.006871 0.999955 -0.000166 0.000673 1.000000 -0.006908 0.014174 0.999876 
0.003905 0.003503 0.999986 -0.014824 -0.004049 0.999882 -0.000825 0.001619 0.999998 -0.005884 0.006248 0.999963 -0.000393 0.001589 0.999999 -0.006521 0.013402 0.999889 
0.003545 0.003181 0.999989 -0.014394 -0.003934 0.999889 -0.000783 0.001538 0.999999 -0.005362 0.005694 0.999969 -0.000429 0.001733 0.999998 -0.006252 0.012858 0.999898 
0.003219 0.002888 0.999991 -0.014065 -0.003843 0.999894 -0.000677 0.001330 0.999999 -0.004883 0.005185 0.999975 -0.000304 0.001227 0.999999 -0.006083 0.012510 0.999903 
0.002924 0.002624 0.999992 -0.013692 -0.003743 0.999899 -0.000623 0.001224 0.999999 -0.004452 0.004726 0.999979 -0.000263 0.001064 0.999999 -0.005892 0.012126 0.999909 
0.002656 0.002384 0.999994 -0.013444 -0.003675 0.999903 -0.000562 0.001104 0.999999 -0.004065 0.004316 0.999982 -0.000231 0.000934 1.000000 -0.005730 0.011794 0.999914 
0.001900 0.001706 0.999997 -0.013158 -0.003599 0.999907 -0.000628 0.001234 0.999999 -0.003957 0.004200 0.999983 -0.000133 0.000537 1.000000 -0.005478 0.011292 0.999921 
0.001161 0.001042 0.999999 -0.012963 -0.003547 0.999910 -0.000692 0.001360 0.999999 -0.003833 0.004068 0.999984 -0.000052 0.000210 1.000000 -0.005256 0.010847 0.999927 
0.001019 0.000915 0.999999 -0.012850 -0.003516 0.999911 -0.000628 0.001236 0.999999 -0.003517 0.003732 0.999987 -0.000003 0.000011 1.000000 -0.005196 0.010726 0.999929 
0.000936 0.000840 0.999999 -0.012792 -0.003501 0.999912 -0.000569 0.001121 0.999999 -0.003231 0.003428 0.999989 0.000030 -0.000121 1.000000 -0.005168 0.010671 0.999930 
0.002565 0.002305 0.999994 -0.012679 -0.003470 0.999914 -0.000486 0.000956 0.999999 -0.003415 0.003621 0.999988 0.000045 -0.000180 1.000000 -0.005752 0.011869 0.999913 
0.002332 0.002096 0.999995 -0.012595 -0.003448 0.999915 -0.000441 0.000867 1.000000 -0.003136 0.003325 0.999990 0.000074 -0.000297 1.000000 -0.005658 0.011675 0.999916 
0.001879 0.001688 0.999997 -0.012530 -0.003432 0.999916 -0.000478 0.000941 0.999999 -0.002918 0.003093 0.999991 0.000098 -0.000395 1.000000 -0.005563 0.011487 0.999919 
0.001709 0.001536 0.999997 -0.012486 -0.003420 0.999916 -0.000568 0.001119 0.999999 -0.003767 0.003994 0.999985 0.000119 -0.000478 1.000000 -0.005334 0.011024 0.999925 
0.002083 0.001873 0.999996 -0.012341 -0.003383 0.999918 -0.000582 0.001146 0.999999 -0.003762 0.003986 0.999985 0.000108 -0.000433 1.000000 -0.005473 0.011314 0.999921 
0.001640 0.001475 0.999998 -0.012285 -0.003369 0.999919 -0.000621 0.001224 0.999999 -0.003524 0.003733 0.999987 0.000104 -0.000417 1.000000 -0.005369 0.011109 0.999924 
0.001494 0.001344 0.999998 -0.012300 -0.003374 0.999919 -0.000561 0.001105 0.999999 -0.003227 0.003419 0.999989 0.000138 -0.000553 1.000000 -0.005341 0.011052 0.999925 
0.003505 0.003154 0.999989 -0.012175 -0.003341 0.999920 -0.000655 0.001290 0.999999 -0.005307 0.005618 0.999970 0.000112 -0.000449 1.000000 -0.005705 0.011801 0.999914 
0.003180 0.002862 0.999991 -0.012123 -0.003329 0.999921 -0.000619 0.001218 0.999999 -0.004827 0.005110 0.999975 0.000064 -0.000257 1.000000 -0.005581 0.011551 0.999918 
0.005853 0.005270 0.999969 -0.012009 -0.003298 0.999922 -0.000445 0.000875 1.000000 -0.005618 0.005944 0.999967 0.000060 -0.000242 1.000000 -0.006319 0.013060 0.999895 
0.004517 0.004068 0.999982 -0.011877 -0.003265 0.999924 -0.000687 0.001353 0.999999 -0.006034 0.006382 0.999961 0.000039 -0.000158 1.000000 -0.005827 0.012060 0.999910 
0.003398 0.003061 0.999990 -0.011796 -0.003246 0.999925 -0.000820 0.001615 0.999998 -0.005859 0.006197 0.999964 0.000034 -0.000137 1.000000 -0.005505 0.011406 0.999920 
0.005886 0.005304 0.999969 -0.011613 -0.003196 0.999927 -0.000646 0.001271 0.999999 -0.006399 0.006765 0.999957 0.000020 -0.000082 1.000000 -0.006199 0.012827 0.999899 
0.005331 0.004805 0.999974 -0.011423 -0.003146 0.999930 -0.000610 0.001199 0.999999 -0.005808 0.006139 0.999964 -0.000023 0.000092 1.000000 -0.005954 0.012323 0.999906 
0.004832 0.004355 0.999979 -0.011287 -0.003109 0.999931 -0.000568 0.001118 0.999999 -0.005282 0.005583 0.999970 -0.000043 0.000174 1.000000 -0.005749 0.011900 0.999913 
0.003328 0.002997 0.999990 -0.011283 -0.003108 0.999932 -0.000796 0.001569 0.999998 -0.005387 0.005699 0.999969 0.000004 -0.000016 1.000000 -0.005368 0.011134 0.999924 
0.002957 0.002664 0.999992 -0.011255 -0.003100 0.999932 -0.000730 0.001438 0.999999 -0.004910 0.005193 0.999974 0.000042 -0.000168 1.000000 -0.005267 0.010926 0.999926 
0.002686 0.002420 0.999993 -0.011253 -0.003098 0.999932 -0.000660 0.001301 0.999999 -0.004477 0.004734 0.999979 0.000075 -0.000302 1.000000 -0.005201 0.010790 0.999928 
0.002741 0.002470 0.999993 -0.011234 -0.003093 0.999932 -0.000609 0.001201 0.999999 -0.004387 0.004638 0.999980 0.000094 -0.000375 1.000000 -0.005186 0.010763 0.999929 
0.003057 0.002757 0.999992 -0.011012 -0.003035 0.999935 -0.000839 0.001653 0.999998 -0.005169 0.005460 0.999972 0.000089 -0.000356 1.000000 -0.005347 0.011111 0.999924 
0.003775 0.003406 0.999987 -0.010853 -0.002993 0.999937 -0.000791 0.001559 0.999998 -0.005661 0.005977 0.999966 0.000099 -0.000395 1.000000 -0.005409 0.011238 0.999922 
0.003422 0.003088 0.999989 -0.010763 -0.002969 0.999938 -0.000716 0.001411 0.999999 -0.005144 0.005431 0.999972 0.000124 -0.000494 1.000000 -0.005282 0.010975 0.999926 
0.003072 0.002774 0.999991 -0.010676 -0.002949 0.999939 -0.000890 0.001756 0.999998 -0.005966 0.006297 0.999962 0.000108 -0.000430 1.000000 -0.005054 0.010516 0.999932 
0.004109 0.003712 0.999985 -0.010668 -0.002948 0.999939 -0.000802 0.001581 0.999998 -0.005766 0.006081 0.999965 0.000130 -0.000519 1.000000 -0.005515 0.011470 0.999919 
0.003303 0.002984 0.999990 -0.010636 -0.002941 0.999939 -0.000847 0.001671 0.999998 -0.005373 0.005666 0.999970 0.000134 -0.000535 1.000000 -0.005308 0.011053 0.999925 
0.002997 0.002708 0.999992 -0.010625 -0.002939 0.999939 -0.000767 0.001513 0.999999 -0.004892 0.005159 0.999975 0.000164 -0.000655 1.000000 -0.005217 0.010865 0.999927 
0.002720 0.002458 0.999993 -0.010634 -0.002941 0.999939 -0.000697 0.001374 0.999999 -0.004461 0.004704 0.999979 0.000193 -0.000770 1.000000 -0.005145 0.010718 0.999929 
0.002725 0.002463 0.999993 -0.010650 -0.002946 0.999939 -0.000643 0.001268 0.999999 -0.004318 0.004553 0.999980 0.000208 -0.000828 1.000000 -0.005128 0.010687 0.999930 
0.002474 0.002235 0.999994 -0.010673 -0.002953 0.999939 -0.000584 0.001152 0.999999 -0.003937 0.004152 0.999984 0.000234 -0.000932 1.000000 -0.005071 0.010572 0.999931 
0.004612 0.004173 0.999981 -0.010499 -0.002906 0.999941 -0.000427 0.000842 1.000000 -0.003439 0.003621 0.999988 0.000141 -0.000562 1.000000 -0.005884 0.012266 0.999907 
0.004180 0.003782 0.999984 -0.010420 -0.002885 0.999942 -0.000387 0.000764 1.000000 -0.003143 0.003309 0.999990 0.000157 -0.000626 1.000000 -0.005694 0.011872 0.999913 
0.003791 0.003431 0.999987 -0.010314 -0.002857 0.999943 -0.000351 0.000693 1.000000 -0.002880 0.003033 0.999991 0.000184 -0.000732 1.000000 -0.005520 0.011511 0.999919 
0.003438 0.003111 0.999989 -0.010185 -0.002822 0.999944 -0.000321 0.000633 1.000000 -0.002646 0.002786 0.999993 0.000212 -0.000844 1.000000 -0.005355 0.011169 0.999923 
0.002691 0.002435 0.999993 -0.010027 -0.002780 0.999946 -0.000418 0.000825 1.000000 -0.002590 0.002727 0.999993 0.000226 -0.000898 1.000000 -0.005108 0.010665 0.999930 
0.002087 0.001888 0.999996 -0.009880 -0.002741 0.999947 -0.000485 0.000958 0.999999 -0.002479 0.002610 0.999994 0.000243 -0.000965 1.000000 -0.004912 0.010265 0.999935 
0.002075 0.001878 0.999996 -0.009759 -0.002708 0.999949 -0.000446 0.000881 1.000000 -0.002446 0.002576 0.999994 0.000261 -0.001036 0.999999 -0.004825 0.010087 0.999937 
0.001888 0.001709 0.999997 -0.009649 -0.002679 0.999950 -0.000404 0.000798 1.000000 -0.002254 0.002373 0.999995 0.000289 -0.001146 0.999999 -0.004716 0.009861 0.999940 
0.001719 0.001556 0.999997 -0.009547 -0.002651 0.999951 -0.000368 0.000727 1.000000 -0.002082 0.002192 0.999995 0.000313 -0.001243 0.999999 -0.004618 0.009656 0.999943 
0.002916 0.002641 0.999992 -0.009341 -0.002594 0.999953 -0.000367 0.000725 1.000000 -0.002619 0.002756 0.999993 0.000304 -0.001205 0.999999 -0.004938 0.010323 0.999935 
0.002648 0.002398 0.999994 -0.009149 -0.002542 0.999955 -0.000334 0.000659 1.000000 -0.002403 0.002529 0.999994 0.000324 -0.001286 0.999999 -0.004772 0.009978 0.999939 
0.003718 0.003369 0.999987 -0.008906 -0.002475 0.999957 -0.000333 0.000658 1.000000 -0.002821 0.002967 0.999992 0.000320 -0.001271 0.999999 -0.005062 0.010582 0.999931 
0.003370 0.003054 0.999990 -0.008615 -0.002395 0.999960 -0.000303 0.000599 1.000000 -0.002579 0.002712 0.999993 0.000327 -0.001297 0.999999 -0.004821 0.010080 0.999938 
0.003058 0.002771 0.999991 -0.008318 -0.002314 0.999963 -0.000277 0.000546 1.000000 -0.002361 0.002483 0.999994 0.000346 -0.001371 0.999999 -0.004604 0.009629 0.999943 
0.002775 0.002514 0.999993 -0.008029 -0.002234 0.999965 -0.000252 0.000498 1.000000 -0.002164 0.002275 0.999995 0.000372 -0.001471 0.999999 -0.004407 0.009219 0.999948 
0.002518 0.002282 0.999994 -0.007753 -0.002158 0.999968 -0.000230 0.000455 1.000000 -0.001985 0.002088 0.999996 0.000395 -0.001562 0.999999 -0.004224 0.008838 0.999952 
0.002287 0.002072 0.999995 -0.007494 -0.002087 0.999970 -0.000210 0.000414 1.000000 -0.001820 0.001914 0.999997 0.000416 -0.001645 0.999999 -0.004055 0.008487 0.999956 
0.002418 0.002191 0.999995 -0.007250 -0.002020 0.999972 -0.000201 0.000398 1.000000 -0.001996 0.002098 0.999996 0.000417 -0.001650 0.999999 -0.003955 0.008280 0.999958 
0.002195 0.001989 0.999996 -0.007050 -0.001965 0.999973 -0.000184 0.000363 1.000000 -0.001827 0.001922 0.999996 0.000429 -0.001695 0.999998 -0.003809 0.007976 0.999961 
0.001993 0.001806 0.999996 -0.006856 -0.001911 0.999975 -0.000168 0.000332 1.000000 -0.001678 0.001764 0.999997 0.000446 -0.001763 0.999998 -0.003678 0.007703 0.999964 
0.001810 0.001640 0.999997 -0.006694 -0.001867 0.999976 -0.000154 0.000304 1.000000 -0.001544 0.001624 0.999997 0.000462 -0.001825 0.999998 -0.003564 0.007468 0.999966 
0.001646 0.001491 0.999998 -0.006573 -0.001834 0.999977 -0.000140 0.000277 1.000000 -0.001420 0.001493 0.999998 0.000476 -0.001880 0.999998 -0.003472 0.007274 0.999968 
0.000929 0.000842 0.999999 -0.006512 -0.001818 0.999977 -0.000322 0.000636 1.000000 -0.002050 0.002155 0.999996 0.000448 -0.001766 0.999998 -0.003141 0.006593 0.999973 
0.000851 0.000771 0.999999 -0.006542 -0.001827 0.999977 -0.000293 0.000579 1.000000 -0.001882 0.001979 0.999996 0.000445 -0.001754 0.999998 -0.003121 0.006552 0.999974 
0.001583 0.001435 0.999998 -0.006550 -0.001830 0.999977 -0.000289 0.000572 1.000000 -0.002503 0.002631 0.999993 0.000425 -0.001678 0.999999 -0.003249 0.006822 0.999971 
0.001443 0.001308 0.999998 -0.006566 -0.001834 0.999977 -0.000264 0.000523 1.000000 -0.002290 0.002407 0.999994 0.000422 -0.001666 0.999999 -0.003214 0.006752 0.999972 
0.001312 0.001189 0.999998 -0.006628 -0.001852 0.999976 -0.000241 0.000476 1.000000 -0.002095 0.002202 0.999995 0.000434 -0.001709 0.999998 -0.003211 0.006747 0.999972 
0.001194 0.001083 0.999999 -0.006719 -0.001877 0.999976 -0.000219 0.000434 1.000000 -0.001919 0.002017 0.999996 0.000443 -0.001747 0.999998 -0.003221 0.006770 0.999972 
0.000760 0.000689 0.999999 -0.006769 -0.001892 0.999975 -0.000299 0.000593 1.000000 -0.001859 0.001954 0.999996 0.000438 -0.001725 0.999998 -0.003165 0.006659 0.999973 
0.000694 0.000629 1.000000 -0.006810 -0.001904 0.999975 -0.000274 0.000542 1.000000 -0.001714 0.001802 0.999997 0.000448 -0.001767 0.999998 -0.003166 0.006662 0.999973 
0.000637 0.000577 1.000000 -0.006836 -0.001911 0.999975 -0.000250 0.000495 1.000000 -0.001583 0.001663 0.999997 0.000458 -0.001806 0.999998 -0.003164 0.006657 0.999973 
0.000584 0.000529 1.000000 -0.006861 -0.001918 0.999975 -0.000228 0.000452 1.000000 -0.001459 0.001533 0.999998 0.000467 -0.001841 0.999998 -0.003162 0.006654 0.999973 
0.000463 0.000420 1.000000 -0.006862 -0.001919 0.999975 -0.000275 0.000546 1.000000 -0.001430 0.001503 0.999998 0.000455 -0.001793 0.999998 -0.003174 0.006684 0.999973 
0.000959 0.000869 0.999999 -0.006829 -0.001910 0.999975 -0.000264 0.000522 1.000000 -0.001819 0.001911 0.999997 0.000440 -0.001734 0.999998 -0.003239 0.006824 0.999971 
0.000879 0.000797 0.999999 -0.006846 -0.001915 0.999975 -0.000241 0.000477 1.000000 -0.001682 0.001768 0.999997 0.000451 -0.001778 0.999998 -0.003226 0.006797 0.999972 
0.000835 0.000757 0.999999 -0.006884 -0.001925 0.999974 -0.000221 0.000438 1.000000 -0.001579 0.001660 0.999997 0.000453 -0.001784 0.999998 -0.003223 0.006792 0.999972 
0.000763 0.000692 0.999999 -0.006930 -0.001938 0.999974 -0.000202 0.000400 1.000000 -0.001455 0.001529 0.999998 0.000462 -0.001818 0.999998 -0.003224 0.006796 0.999972 
0.000699 0.000633 1.000000 -0.006972 -0.001950 0.999974 -0.000185 0.000366 1.000000 -0.001344 0.001412 0.999998 0.000470 -0.001849 0.999998 -0.003225 0.006797 0.999972 
0.001360 0.001233 0.999998 -0.006994 -0.001957 0.999974 -0.000143 0.000283 1.000000 -0.001550 0.001629 0.999997 0.000452 -0.001781 0.999998 -0.003403 0.007174 0.999968 
