0.002158 -0.001085 0.999997 0.002147 0.004318 0.999988 0.002180 0.004318 0.999988 0.002279 -0.001083 0.999997 
0.000654 -0.000329 1.000000 0.002756 0.005542 0.999981 0.002792 0.005529 0.999981 0.000785 -0.000373 1.000000 
-0.000461 0.000232 1.000000 0.002890 0.005808 0.999979 0.002924 0.005787 0.999979 -0.000335 0.000159 1.000000 
-0.000450 0.000226 1.000000 0.002621 0.005266 0.999983 0.002652 0.005248 0.999983 -0.000336 0.000160 1.000000 
-0.000445 0.000224 1.000000 0.002376 0.004774 0.999986 0.002404 0.004757 0.999986 -0.000342 0.000163 1.000000 
-0.000582 0.000293 1.000000 0.002581 0.005184 0.999983 0.002611 0.005164 0.999983 -0.000471 0.000224 1.000000 
-0.003946 0.001986 0.999990 0.003858 0.007751 0.999963 0.003894 0.007703 0.999963 -0.003815 0.001814 0.999991 
-0.004071 0.002048 0.999990 0.003423 0.006878 0.999970 0.003452 0.006832 0.999971 -0.003960 0.001883 0.999990 
-0.002462 0.001237 0.999996 0.003445 0.006932 0.999970 0.003480 0.006896 0.999970 -0.002333 0.001107 0.999997 
-0.002254 0.001132 0.999997 0.003124 0.006287 0.999975 0.003155 0.006254 0.999975 -0.002137 0.001015 0.999997 
-0.001440 0.000723 0.999999 0.003335 0.006712 0.999972 0.003371 0.006683 0.999972 -0.001305 0.000619 0.999999 
-0.002887 0.001447 0.999995 0.006053 0.012213 0.999907 0.006119 0.012158 0.999907 -0.002643 0.001251 0.999996 
-0.003641 0.001823 0.999992 0.007311 0.014761 0.999864 0.007390 0.014694 0.999865 -0.003348 0.001584 0.999993 
-0.005036 0.002522 0.999984 0.003727 0.007523 0.999965 0.003758 0.007470 0.999965 -0.004921 0.002329 0.999985 
-0.004722 0.002358 0.999986 0.007505 0.015189 0.999856 0.007583 0.015115 0.999857 -0.004431 0.002091 0.999988 
-0.004256 0.002126 0.999989 0.003049 0.006171 0.999976 0.003073 0.006126 0.999977 -0.004163 0.001964 0.999989 
-0.009297 0.004388 0.999947 0.014850 0.031791 0.999384 0.015017 0.031643 0.999386 -0.008676 0.003861 0.999955 
-0.004312 0.002102 0.999988 0.011991 0.024862 0.999619 0.012130 0.024762 0.999620 -0.003798 0.001748 0.999991 
-0.003578 0.001846 0.999992 0.002137 0.004189 0.999989 0.002152 0.004154 0.999989 -0.003524 0.001719 0.999992 
-0.005951 0.003068 0.999978 -0.000329 -0.000644 1.000000 -0.000351 -0.000679 1.000000 -0.006032 0.002941 0.999977 
-0.004173 0.002147 0.999989 0.000903 0.001774 0.999998 0.000901 0.001743 0.999998 -0.004179 0.002034 0.999989 
-0.005620 0.002794 0.999980 0.002753 0.005597 0.999981 0.002770 0.005545 0.999981 -0.005554 0.002609 0.999981 
-0.005047 0.002397 0.999984 0.004637 0.009871 0.999941 0.004682 0.009812 0.999941 -0.004876 0.002184 0.999986 
-0.004558 0.002163 0.999987 0.005076 0.010814 0.999929 0.005129 0.010755 0.999929 -0.004361 0.001952 0.999989 
-0.004151 0.001970 0.999989 0.005281 0.011249 0.999923 0.005337 0.011191 0.999923 -0.003940 0.001764 0.999991 
-0.003651 0.001733 0.999992 0.012258 0.026102 0.999584 0.012407 0.026004 0.999585 -0.003101 0.001389 0.999994 
-0.003367 0.001593 0.999993 0.013929 0.029776 0.999460 0.014101 0.029670 0.999460 -0.002732 0.001218 0.999996 
-0.003068 0.001451 0.999994 0.012070 0.025803 0.999594 0.012218 0.025710 0.999595 -0.002519 0.001123 0.999996 
-0.006749 0.003192 0.999972 0.012848 0.027461 0.999540 0.012996 0.027341 0.999542 -0.006200 0.002765 0.999977 
0.000715 -0.001068 0.999999 -0.005789 0.002576 0.999980 0.000793 0.001357 0.999999 -0.011953 -0.008033 0.999896 0.002259 0.006727 0.999975 
-0.000643 0.000969 0.999999 -0.005314 0.002365 0.999983 0.005316 0.009097 0.999944 0.000873 0.000582 0.999999 0.003570 0.010654 0.999937 
-0.001009 0.001518 0.999998 -0.004967 0.002210 0.999985 0.004743 0.008116 0.999956 0.000966 0.000645 0.999999 0.003210 0.009570 0.999949 
-0.002157 0.003221 0.999992 -0.004705 0.002080 0.999987 0.005164 0.008850 0.999948 0.001773 0.001192 0.999998 0.003646 0.010869 0.999934 
-0.003090 0.004590 0.999985 -0.004162 0.001830 0.999990 0.005561 0.009538 0.999939 0.002359 0.001594 0.999996 0.004097 0.012207 0.999917 
-0.003382 0.005009 0.999982 -0.003780 0.001658 0.999991 0.005872 0.010079 0.999932 0.002729 0.001850 0.999995 0.004377 0.013040 0.999905 
-0.003147 0.004657 0.999984 -0.003439 0.001508 0.999993 0.005952 0.010218 0.999930 0.002945 0.001998 0.999994 0.004392 0.013084 0.999905 
-0.002518 0.003728 0.999990 -0.003106 0.001362 0.999994 0.005926 0.010176 0.999931 0.003195 0.002167 0.999993 0.004234 0.012622 0.999911 
-0.001657 0.002456 0.999996 -0.002919 0.001279 0.999995 0.005815 0.009987 0.999933 0.003340 0.002262 0.999992 0.003966 0.011832 0.999922 
-0.001078 0.001600 0.999998 -0.004269 0.001871 0.999989 0.005628 0.009676 0.999937 0.002939 0.001988 0.999994 0.003620 0.010823 0.999935 
-0.000805 0.001196 0.999999 -0.003905 0.001711 0.999991 0.004800 0.008255 0.999954 0.002304 0.001557 0.999996 0.003074 0.009196 0.999953 
-0.000037 0.000055 1.000000 -0.004757 0.002084 0.999987 0.003950 0.006801 0.999969 0.001451 0.000979 0.999998 0.002314 0.006938 0.999973 
-0.000017 0.000025 1.000000 -0.004434 0.001943 0.999988 0.002664 0.004590 0.999986 0.000641 0.000432 1.000000 0.001483 0.004451 0.999989 
0.000673 -0.001005 0.999999 -0.006399 0.002805 0.999976 0.001742 0.003004 0.999994 0.000124 0.000084 1.000000 0.000487 0.001464 0.999999 
0.001584 -0.002364 0.999996 -0.010298 0.004516 0.999937 0.001301 0.002249 0.999997 -0.000035 -0.000024 1.000000 -0.000460 -0.001386 0.999999 
0.003645 -0.005443 0.999979 -0.009310 0.004083 0.999948 0.000812 0.001412 0.999999 -0.000942 -0.000633 0.999999 -0.000936 -0.002848 0.999996 
0.005865 -0.008757 0.999944 -0.008422 0.003694 0.999958 -0.000470 -0.000822 1.000000 -0.003801 -0.002555 0.999990 -0.001689 -0.005176 0.999985 
0.007922 -0.011824 0.999899 -0.007622 0.003343 0.999965 -0.001635 -0.002872 0.999995 -0.006346 -0.004267 0.999971 -0.002391 -0.007372 0.999970 
0.009352 -0.013955 0.999859 -0.006899 0.003025 0.999972 -0.002573 -0.004533 0.999986 -0.008057 -0.005418 0.999953 -0.002974 -0.009201 0.999953 
0.010110 -0.015086 0.999835 -0.006242 0.002738 0.999977 -0.003314 -0.005837 0.999977 -0.009115 -0.006129 0.999940 -0.003418 -0.010575 0.999938 
0.010737 -0.016022 0.999814 -0.005647 0.002477 0.999981 -0.003847 -0.006776 0.999970 -0.009745 -0.006553 0.999931 -0.003766 -0.011648 0.999925 
0.011237 -0.016768 0.999796 -0.005092 0.002233 0.999985 -0.004186 -0.007373 0.999964 -0.009987 -0.006715 0.999928 -0.004017 -0.012424 0.999915 
0.011564 -0.017256 0.999784 -0.004588 0.002012 0.999987 -0.004351 -0.007664 0.999961 -0.009875 -0.006639 0.999929 -0.004172 -0.012908 0.999908 
0.011699 -0.017456 0.999779 -0.004138 0.001815 0.999990 -0.004379 -0.007712 0.999961 -0.009362 -0.006295 0.999936 -0.004267 -0.013210 0.999904 
0.011668 -0.017410 0.999780 -0.003731 0.001636 0.999992 -0.004270 -0.007519 0.999963 -0.008513 -0.005724 0.999947 -0.004294 -0.013304 0.999902 
0.011525 -0.017196 0.999786 -0.003363 0.001475 0.999993 -0.004044 -0.007120 0.999966 -0.007449 -0.005010 0.999960 -0.004254 -0.013191 0.999904 
0.011330 -0.016904 0.999793 -0.003030 0.001329 0.999995 -0.003744 -0.006590 0.999971 -0.006324 -0.004254 0.999971 -0.004162 -0.012918 0.999908 
0.011109 -0.016574 0.999801 -0.002731 0.001198 0.999996 -0.003373 -0.005937 0.999977 -0.005215 -0.003508 0.999980 -0.004012 -0.012460 0.999914 
0.010872 -0.016219 0.999809 -0.002462 0.001080 0.999996 -0.002937 -0.005169 0.999982 -0.004130 -0.002778 0.999988 -0.003806 -0.011826 0.999923 
0.010605 -0.015821 0.999819 -0.002220 0.000974 0.999997 -0.002442 -0.004297 0.999988 -0.003029 -0.002038 0.999993 -0.003555 -0.011050 0.999933 
0.010281 -0.015337 0.999830 -0.002002 0.000878 0.999998 -0.001886 -0.003319 0.999993 -0.001831 -0.001232 0.999998 -0.003268 -0.010161 0.999943 
0.009893 -0.014756 0.999842 -0.001805 0.000792 0.999998 -0.001272 -0.002238 0.999997 -0.000509 -0.000343 1.000000 -0.002949 -0.009176 0.999954 
0.009433 -0.014070 0.999857 -0.001628 0.000714 0.999998 -0.000611 -0.001076 0.999999 0.000953 0.000642 0.999999 -0.002612 -0.008131 0.999964 
0.008905 -0.013281 0.999872 -0.001469 0.000644 0.999999 0.000091 0.000160 1.000000 0.002557 0.001721 0.999995 -0.002259 -0.007038 0.999973 
0.008448 -0.012587 0.999885 -0.001801 0.000790 0.999998 0.000379 0.000666 1.000000 0.002835 0.001910 0.999994 -0.002040 -0.006355 0.999978 
0.008046 -0.011970 0.999896 -0.001637 0.000718 0.999998 0.000587 0.001033 0.999999 0.003213 0.002168 0.999992 -0.001858 -0.005783 0.999982 
0.007767 -0.011546 0.999903 -0.001485 0.000651 0.999999 0.000776 0.001365 0.999999 0.003509 0.002370 0.999991 -0.001698 -0.005285 0.999985 
0.007585 -0.011271 0.999908 -0.001343 0.000589 0.999999 0.000939 0.001653 0.999998 0.003772 0.002549 0.999990 -0.001571 -0.004890 0.999987 
0.007451 -0.011068 0.999911 -0.001211 0.000531 0.999999 0.001071 0.001884 0.999998 0.004021 0.002718 0.999988 -0.001477 -0.004596 0.999988 
0.007304 -0.010848 0.999914 -0.001934 0.000848 0.999998 0.001452 0.002555 0.999996 0.004189 0.002832 0.999987 -0.001265 -0.003934 0.999991 
0.007306 -0.010851 0.999914 -0.001749 0.000767 0.999998 0.001520 0.002675 0.999995 0.004332 0.002928 0.999986 -0.001219 -0.003791 0.999992 
0.007372 -0.010948 0.999913 -0.001582 0.000694 0.999999 0.001562 0.002749 0.999995 0.004462 0.003016 0.999985 -0.001204 -0.003746 0.999992 
0.007455 -0.011072 0.999911 -0.001425 0.000625 0.999999 0.001591 0.002800 0.999995 0.004578 0.003094 0.999985 -0.001202 -0.003739 0.999992 
0.007537 -0.011195 0.999909 -0.002724 0.001195 0.999996 0.001791 0.003152 0.999993 0.004618 0.003122 0.999984 -0.001214 -0.003779 0.999992 
0.007655 -0.011371 0.999906 -0.002475 0.001086 0.999996 0.001751 0.003083 0.999994 0.004675 0.003160 0.999984 -0.001250 -0.003890 0.999992 
0.007798 -0.011584 0.999902 -0.003152 0.001383 0.999994 0.001794 0.003160 0.999993 0.004744 0.003206 0.999984 -0.001332 -0.004148 0.999991 
0.007931 -0.011780 0.999899 -0.003825 0.001678 0.999991 0.002002 0.003525 0.999992 0.004598 0.003108 0.999985 -0.001240 -0.003861 0.999992 
0.008089 -0.012014 0.999895 -0.003486 0.001529 0.999993 0.001735 0.003056 0.999994 0.004415 0.002984 0.999986 -0.001405 -0.004373 0.999989 
0.008260 -0.012267 0.999891 -0.004749 0.002084 0.999987 0.001795 0.003162 0.999993 0.004207 0.002844 0.999987 -0.001490 -0.004642 0.999988 
0.008432 -0.012521 0.999886 -0.004321 0.001896 0.999989 0.001480 0.002607 0.999996 0.003981 0.002692 0.999988 -0.001677 -0.005223 0.999985 
0.008620 -0.012801 0.999881 -0.003933 0.001726 0.999991 0.001245 0.002194 0.999997 0.003856 0.002607 0.999989 -0.001828 -0.005692 0.999982 
0.008808 -0.013080 0.999876 -0.004541 0.001993 0.999988 0.001199 0.002113 0.999997 0.003747 0.002533 0.999990 -0.001945 -0.006059 0.999980 
0.008986 -0.013345 0.999871 -0.004877 0.002140 0.999986 0.001203 0.002120 0.999997 0.003575 0.002417 0.999991 -0.001978 -0.006165 0.999979 
0.009142 -0.013575 0.999866 -0.004884 0.002143 0.999986 0.001011 0.001782 0.999998 0.003331 0.002252 0.999992 -0.002111 -0.006578 0.999976 
0.009292 -0.013797 0.999862 -0.004898 0.002150 0.999986 0.000848 0.001495 0.999999 0.003115 0.002106 0.999993 -0.002225 -0.006935 0.999973 
0.009439 -0.014014 0.999857 -0.004815 0.002114 0.999986 0.000705 0.001243 0.999999 0.002961 0.002002 0.999994 -0.002325 -0.007246 0.999971 
0.009588 -0.014238 0.999853 -0.004373 0.001919 0.999989 0.000628 0.001108 0.999999 0.003074 0.002078 0.999993 -0.002384 -0.007433 0.999970 
0.009690 -0.014392 0.999849 -0.003980 0.001747 0.999991 0.000571 0.001007 0.999999 0.003370 0.002278 0.999992 -0.002462 -0.007677 0.999968 
0.009743 -0.014471 0.999848 -0.003632 0.001594 0.999992 0.000522 0.000920 0.999999 0.003611 0.002441 0.999991 -0.002519 -0.007857 0.999966 
0.009798 -0.014554 0.999846 -0.003301 0.001449 0.999994 0.000496 0.000875 0.999999 0.003819 0.002581 0.999989 -0.002553 -0.007966 0.999965 
0.009856 -0.014637 0.999844 -0.002511 0.001100 0.999996 0.000528 0.000930 0.999999 0.003998 0.002703 0.999988 -0.002487 -0.007754 0.999967 
0.009928 -0.014744 0.999842 -0.002290 0.001004 0.999997 0.000509 0.000897 0.999999 0.004116 0.002783 0.999988 -0.002514 -0.007837 0.999966 
0.009998 -0.014846 0.999840 -0.002651 0.001162 0.999996 0.000688 0.001213 0.999999 0.004223 0.002856 0.999987 -0.002447 -0.007630 0.999968 
0.010051 -0.014923 0.999838 -0.003207 0.001406 0.999994 0.000803 0.001415 0.999999 0.004364 0.002951 0.999986 -0.002457 -0.007661 0.999968 
0.010101 -0.014996 0.999837 -0.002896 0.001270 0.999995 0.000827 0.001459 0.999999 0.004526 0.003061 0.999985 -0.002444 -0.007619 0.999968 
0.010153 -0.015073 0.999835 -0.002610 0.001144 0.999996 0.000892 0.001572 0.999998 0.004724 0.003195 0.999984 -0.002409 -0.007512 0.999969 
0.010190 -0.015126 0.999834 -0.002651 0.001162 0.999996 0.001024 0.001805 0.999998 0.004904 0.003317 0.999982 -0.002352 -0.007334 0.999970 
0.010231 -0.015187 0.999832 -0.002387 0.001047 0.999997 0.001117 0.001969 0.999997 0.005125 0.003466 0.999981 -0.002300 -0.007172 0.999972 
0.010258 -0.015226 0.999831 -0.002575 0.001129 0.999996 0.001280 0.002258 0.999997 0.005298 0.003584 0.999980 -0.002231 -0.006957 0.999973 
0.010272 -0.015244 0.999831 -0.002674 0.001172 0.999996 0.001367 0.002411 0.999996 0.005449 0.003687 0.999978 -0.002205 -0.006879 0.999974 
0.010277 -0.015252 0.999831 -0.002795 0.001226 0.999995 0.001470 0.002593 0.999996 0.005605 0.003792 0.999977 -0.002169 -0.006767 0.999975 
0.010270 -0.015242 0.999831 -0.002508 0.001100 0.999996 0.001541 0.002717 0.999995 0.005769 0.003903 0.999976 -0.002112 -0.006590 0.999976 
0.010251 -0.015213 0.999832 -0.002452 0.001075 0.999996 0.001635 0.002884 0.999995 0.005905 0.003995 0.999975 -0.002055 -0.006411 0.999977 
0.010225 -0.015174 0.999833 -0.002195 0.000962 0.999997 0.001720 0.003034 0.999994 0.006073 0.004109 0.999973 -0.001987 -0.006198 0.999979 
0.010182 -0.015110 0.999834 -0.002462 0.001079 0.999996 0.001851 0.003265 0.999993 0.006187 0.004186 0.999972 -0.001928 -0.006016 0.999980 
0.010133 -0.015036 0.999836 -0.002207 0.000968 0.999997 0.001917 0.003381 0.999992 0.006317 0.004275 0.999971 -0.001864 -0.005816 0.999981 
0.010078 -0.014955 0.999837 -0.002478 0.001087 0.999996 0.002092 0.003690 0.999991 0.006422 0.004345 0.999970 -0.001767 -0.005513 0.999983 
0.010019 -0.014867 0.999839 -0.002228 0.000977 0.999997 0.002162 0.003813 0.999990 0.006551 0.004433 0.999969 -0.001698 -0.005299 0.999985 
0.009952 -0.014766 0.999841 -0.004275 0.001875 0.999989 0.002620 0.004626 0.999986 0.006658 0.004505 0.999968 -0.001574 -0.004915 0.999987 
0.009841 -0.014598 0.999845 -0.003855 0.001691 0.999991 0.002575 0.004545 0.999986 0.006683 0.004524 0.999967 -0.001547 -0.004831 0.999987 
0.009723 -0.014418 0.999849 -0.004507 0.001977 0.999988 0.002800 0.004945 0.999984 0.006580 0.004456 0.999968 -0.001399 -0.004371 0.999989 
0.009586 -0.014210 0.999853 -0.004060 0.001781 0.999990 0.002666 0.004708 0.999985 0.006487 0.004394 0.999969 -0.001410 -0.004405 0.999989 
0.009452 -0.014009 0.999857 -0.003659 0.001605 0.999992 0.002568 0.004536 0.999986 0.006409 0.004342 0.999970 -0.001401 -0.004378 0.999989 
0.009295 -0.013776 0.999862 -0.003615 0.001586 0.999992 0.002496 0.004408 0.999987 0.006299 0.004268 0.999971 -0.001403 -0.004382 0.999989 
0.009109 -0.013499 0.999867 -0.003263 0.001431 0.999994 0.002438 0.004304 0.999988 0.006281 0.004255 0.999971 -0.001371 -0.004282 0.999990 
0.008899 -0.013187 0.999873 -0.003218 0.001411 0.999994 0.002469 0.004359 0.999987 0.006300 0.004268 0.999971 -0.001307 -0.004079 0.999991 
0.008674 -0.012853 0.999880 -0.002892 0.001268 0.999995 0.002498 0.004408 0.999987 0.006377 0.004321 0.999970 -0.001222 -0.003812 0.999992 
0.008427 -0.012487 0.999887 -0.002894 0.001269 0.999995 0.002653 0.004682 0.999986 0.006487 0.004395 0.999969 -0.001076 -0.003357 0.999994 
0.008206 -0.012159 0.999892 -0.002897 0.001271 0.999995 0.002815 0.004966 0.999984 0.006579 0.004458 0.999968 -0.000927 -0.002891 0.999995 
0.007998 -0.011849 0.999898 -0.002596 0.001139 0.999996 0.002906 0.005127 0.999983 0.006678 0.004526 0.999967 -0.000802 -0.002501 0.999997 
0.007789 -0.011540 0.999903 -0.002329 0.001022 0.999997 0.003025 0.005336 0.999981 0.006805 0.004612 0.999966 -0.000665 -0.002074 0.999998 
0.007589 -0.011242 0.999908 -0.002726 0.001196 0.999996 0.003203 0.005650 0.999979 0.006892 0.004671 0.999965 -0.000549 -0.001712 0.999998 
0.007394 -0.010954 0.999913 -0.002448 0.001074 0.999996 0.003309 0.005837 0.999977 0.007005 0.004748 0.999964 -0.000421 -0.001312 0.999999 
0.007215 -0.010688 0.999917 -0.002709 0.001188 0.999996 0.003542 0.006247 0.999974 0.007075 0.004796 0.999963 -0.000248 -0.000772 1.000000 
0.007044 -0.010433 0.999921 -0.002429 0.001065 0.999996 0.003626 0.006395 0.999973 0.007178 0.004866 0.999962 -0.000138 -0.000431 1.000000 
0.006881 -0.010192 0.999924 -0.002186 0.000959 0.999997 0.003724 0.006567 0.999972 0.007293 0.004944 0.999961 -0.000026 -0.000082 1.000000 
0.006719 -0.009952 0.999928 -0.002172 0.000953 0.999997 0.003817 0.006730 0.999970 0.007386 0.005007 0.999960 0.000060 0.000186 1.000000 
0.006569 -0.009728 0.999931 -0.003361 0.001474 0.999993 0.004100 0.007231 0.999965 0.007446 0.005048 0.999960 0.000166 0.000516 1.000000 
0.006429 -0.009519 0.999934 -0.003715 0.001629 0.999992 0.004312 0.007607 0.999962 0.007482 0.005074 0.999959 0.000312 0.000972 0.999999 
0.006275 -0.009289 0.999937 -0.003346 0.001467 0.999993 0.004266 0.007526 0.999963 0.007483 0.005076 0.999959 0.000346 0.001078 0.999999 
0.006150 -0.009102 0.999940 -0.003015 0.001322 0.999995 0.004254 0.007503 0.999963 0.007491 0.005082 0.999959 0.000396 0.001232 0.999999 
0.006025 -0.008917 0.999942 -0.003525 0.001546 0.999993 0.004446 0.007843 0.999959 0.007451 0.005055 0.999959 0.000521 0.001622 0.999999 
0.005910 -0.008744 0.999944 -0.003528 0.001547 0.999993 0.004369 0.007708 0.999961 0.007361 0.004995 0.999960 0.000500 0.001556 0.999999 
0.005800 -0.008581 0.999946 -0.005020 0.002200 0.999985 0.004619 0.008152 0.999956 0.007253 0.004922 0.999962 0.000571 0.001779 0.999998 
0.005687 -0.008412 0.999948 -0.005289 0.002319 0.999983 0.004557 0.008046 0.999957 0.007087 0.004810 0.999963 0.000547 0.001704 0.999998 
0.005558 -0.008220 0.999951 -0.004766 0.002089 0.999986 0.004392 0.007754 0.999960 0.006934 0.004707 0.999965 0.000530 0.001651 0.999998 
0.005408 -0.007998 0.999953 -0.004304 0.001887 0.999989 0.004264 0.007526 0.999963 0.006787 0.004608 0.999966 0.000538 0.001674 0.999998 
0.005261 -0.007780 0.999956 -0.004051 0.001776 0.999990 0.004210 0.007428 0.999964 0.006712 0.004557 0.999967 0.000565 0.001758 0.999998 
0.005108 -0.007554 0.999958 -0.003660 0.001604 0.999992 0.004205 0.007418 0.999964 0.006736 0.004573 0.999967 0.000629 0.001957 0.999998 
0.004959 -0.007332 0.999961 -0.003505 0.001536 0.999993 0.004286 0.007559 0.999962 0.006793 0.004613 0.999966 0.000727 0.002260 0.999997 
0.004816 -0.007121 0.999963 -0.003155 0.001383 0.999994 0.004365 0.007697 0.999961 0.006916 0.004696 0.999965 0.000831 0.002582 0.999996 
0.004683 -0.006924 0.999965 -0.002845 0.001247 0.999995 0.004470 0.007881 0.999959 0.007070 0.004801 0.999963 0.000943 0.002929 0.999995 
0.004570 -0.006755 0.999967 -0.002570 0.001126 0.999996 0.004564 0.008046 0.999957 0.007214 0.004899 0.999962 0.001041 0.003234 0.999994 
0.004488 -0.006634 0.999968 -0.002946 0.001291 0.999995 0.004834 0.008522 0.999952 0.007315 0.004968 0.999961 0.001207 0.003749 0.999992 
0.004420 -0.006533 0.999969 -0.003361 0.001473 0.999993 0.005127 0.009040 0.999946 0.007435 0.005050 0.999960 0.001381 0.004289 0.999990 
0.004349 -0.006427 0.999970 -0.003029 0.001327 0.999995 0.005169 0.009114 0.999945 0.007573 0.005145 0.999958 0.001438 0.004465 0.999989 
0.004246 -0.006275 0.999971 -0.008533 0.003735 0.999957 0.006040 0.010669 0.999925 0.007589 0.005156 0.999958 0.001522 0.004741 0.999988 
0.004090 -0.006042 0.999973 -0.005596 0.002450 0.999981 0.005557 0.009809 0.999936 0.007138 0.004851 0.999963 0.001590 0.004946 0.999987 
0.004002 -0.005909 0.999975 -0.005050 0.002211 0.999985 0.005331 0.009412 0.999941 0.006986 0.004749 0.999964 0.001521 0.004730 0.999988 
0.003880 -0.005730 0.999976 -0.005627 0.002462 0.999981 0.005313 0.009380 0.999942 0.006827 0.004642 0.999966 0.001496 0.004652 0.999988 
0.003776 -0.005575 0.999977 -0.005093 0.002228 0.999985 0.005110 0.009020 0.999946 0.006636 0.004512 0.999968 0.001453 0.004517 0.999989 
0.003671 -0.005418 0.999979 -0.004604 0.002014 0.999987 0.004984 0.008795 0.999949 0.006500 0.004420 0.999969 0.001455 0.004521 0.999989 
0.003577 -0.005280 0.999980 -0.004147 0.001815 0.999990 0.004947 0.008728 0.999950 0.006498 0.004419 0.999969 0.001495 0.004643 0.999988 
0.003475 -0.005129 0.999981 -0.006784 0.002966 0.999973 0.005383 0.009507 0.999940 0.006458 0.004392 0.999970 0.001570 0.004883 0.999987 
0.003355 -0.004951 0.999982 -0.006127 0.002679 0.999978 0.005265 0.009298 0.999943 0.006393 0.004349 0.999970 0.001586 0.004933 0.999987 
0.003214 -0.004743 0.999984 -0.005521 0.002414 0.999982 0.005224 0.009224 0.999944 0.006392 0.004348 0.999970 0.001649 0.005125 0.999986 
0.003073 -0.004534 0.999985 -0.004966 0.002171 0.999985 0.005264 0.009293 0.999943 0.006495 0.004419 0.999969 0.001749 0.005434 0.999984 
0.002939 -0.004337 0.999986 -0.004467 0.001953 0.999988 0.005366 0.009472 0.999941 0.006692 0.004553 0.999967 0.001872 0.005815 0.999981 
0.002769 -0.004085 0.999988 -0.006565 0.002869 0.999974 0.005874 0.010379 0.999929 0.006853 0.004663 0.999966 0.002037 0.006336 0.999978 
0.002600 -0.003834 0.999989 -0.005920 0.002587 0.999979 0.005939 0.010493 0.999927 0.007008 0.004770 0.999964 0.002162 0.006724 0.999975 
0.002424 -0.003575 0.999991 -0.005333 0.002330 0.999983 0.006027 0.010646 0.999925 0.007168 0.004880 0.999962 0.002298 0.007145 0.999972 
0.002250 -0.003318 0.999992 -0.004807 0.002100 0.999986 0.006143 0.010851 0.999922 0.007346 0.005002 0.999961 0.002447 0.007606 0.999968 
0.002063 -0.003042 0.999993 -0.005017 0.002192 0.999985 0.006467 0.011422 0.999914 0.007507 0.005112 0.999959 0.002682 0.008335 0.999962 
0.001873 -0.002761 0.999994 -0.004539 0.001983 0.999988 0.006517 0.011509 0.999913 0.007620 0.005190 0.999958 0.002789 0.008664 0.999959 
0.001705 -0.002512 0.999995 -0.004109 0.001795 0.999990 0.006602 0.011657 0.999910 0.007776 0.005298 0.999956 0.002905 0.009022 0.999955 
0.001570 -0.002313 0.999996 -0.003703 0.001617 0.999992 0.006704 0.011837 0.999907 0.007942 0.005411 0.999954 0.003025 0.009391 0.999951 
0.001448 -0.002133 0.999997 -0.003362 0.001469 0.999993 0.006814 0.012030 0.999904 0.008115 0.005530 0.999952 0.003139 0.009743 0.999948 
0.001322 -0.001947 0.999997 -0.004355 0.001901 0.999989 0.007051 0.012452 0.999898 0.008196 0.005585 0.999951 0.003222 0.010003 0.999945 
0.001226 -0.001806 0.999998 -0.003935 0.001718 0.999991 0.007088 0.012517 0.999897 0.008308 0.005663 0.999949 0.003294 0.010228 0.999942 
0.001152 -0.001697 0.999998 -0.003556 0.001552 0.999992 0.007148 0.012622 0.999895 0.008433 0.005748 0.999948 0.003374 0.010473 0.999939 
0.001102 -0.001623 0.999998 -0.003227 0.001409 0.999994 0.007221 0.012749 0.999893 0.008576 0.005846 0.999946 0.003450 0.010706 0.999937 
0.001047 -0.001542 0.999998 -0.002006 0.000875 0.999998 0.007235 0.012772 0.999892 0.008689 0.005924 0.999945 0.003587 0.011128 0.999932 
0.001027 -0.001512 0.999998 -0.000755 0.000330 1.000000 0.007247 0.012789 0.999892 0.008688 0.005925 0.999945 0.003743 0.011601 0.999926 
0.001031 -0.001517 0.999998 -0.000672 0.000293 1.000000 0.007245 0.012786 0.999892 0.008769 0.005980 0.999944 0.003734 0.011574 0.999926 
0.001037 -0.001527 0.999998 -0.000026 0.000011 1.000000 0.007208 0.012718 0.999893 0.008844 0.006032 0.999943 0.003763 0.011657 0.999925 
0.001027 -0.001511 0.999998 -0.000012 0.000005 1.000000 0.007208 0.012721 0.999893 0.008886 0.006062 0.999942 0.003758 0.011645 0.999925 
0.001014 -0.001492 0.999998 0.000005 -0.000002 1.000000 0.007214 0.012731 0.999893 0.008939 0.006098 0.999941 0.003756 0.011641 0.999925 
0.000996 -0.001466 0.999998 0.000027 -0.000012 1.000000 0.007242 0.012780 0.999892 0.009011 0.006147 0.999941 0.003770 0.011683 0.999925 
0.000970 -0.001427 0.999999 0.000048 -0.000021 1.000000 0.007293 0.012870 0.999891 0.009104 0.006211 0.999939 0.003799 0.011774 0.999923 
0.000932 -0.001372 0.999999 0.000067 -0.000029 1.000000 0.007365 0.012998 0.999888 0.009217 0.006288 0.999938 0.003843 0.011911 0.999922 
0.000890 -0.001310 0.999999 0.000077 -0.000034 1.000000 0.007438 0.013127 0.999886 0.009325 0.006362 0.999936 0.003889 0.012051 0.999920 
0.000846 -0.001245 0.999999 0.000084 -0.000037 1.000000 0.007505 0.013245 0.999884 0.009424 0.006430 0.999935 0.003931 0.012183 0.999918 
0.000802 -0.001180 0.999999 0.000090 -0.000039 1.000000 0.007566 0.013352 0.999882 0.009514 0.006491 0.999934 0.003970 0.012304 0.999916 
0.000762 -0.001121 0.999999 0.000095 -0.000042 1.000000 0.007621 0.013449 0.999881 0.009595 0.006547 0.999933 0.004005 0.012414 0.999915 
0.000724 -0.001065 0.999999 0.000100 -0.000044 1.000000 0.007671 0.013537 0.999879 0.009669 0.006597 0.999931 0.004038 0.012514 0.999914 
0.000689 -0.001014 0.999999 0.000104 -0.000045 1.000000 0.007716 0.013617 0.999878 0.009736 0.006643 0.999931 0.004067 0.012606 0.999912 
0.000657 -0.000966 0.999999 0.000108 -0.000047 1.000000 0.007757 0.013690 0.999876 0.009797 0.006685 0.999930 0.004094 0.012689 0.999911 
0.000627 -0.000922 0.999999 0.000111 -0.000049 1.000000 0.007794 0.013755 0.999875 0.009852 0.006723 0.999929 0.004119 0.012765 0.999910 
0.000598 -0.000880 0.999999 0.000114 -0.000050 1.000000 0.007827 0.013815 0.999874 0.009903 0.006757 0.999928 0.004141 0.012834 0.999909 
0.000573 -0.000843 0.999999 0.000117 -0.000051 1.000000 0.007858 0.013868 0.999873 0.009948 0.006788 0.999927 0.004161 0.012897 0.999908 
0.000556 -0.000818 1.000000 0.000110 -0.000048 1.000000 0.007881 0.013909 0.999872 0.009979 0.006809 0.999927 0.004175 0.012941 0.999908 
0.000530 -0.000780 1.000000 0.001836 -0.000801 0.999998 0.007842 0.013832 0.999874 0.009968 0.006802 0.999927 0.004348 0.013461 0.999900 
0.000487 -0.000716 1.000000 0.001682 -0.000733 0.999998 0.007873 0.013888 0.999873 0.009998 0.006822 0.999927 0.004358 0.013491 0.999899 
0.000421 -0.000620 1.000000 0.001544 -0.000673 0.999999 0.007927 0.013982 0.999871 0.010041 0.006852 0.999926 0.004388 0.013585 0.999898 
0.000342 -0.000503 1.000000 0.001422 -0.000620 0.999999 0.007977 0.014071 0.999869 0.010073 0.006874 0.999926 0.004423 0.013691 0.999896 
0.000279 -0.000411 1.000000 -0.000080 0.000035 1.000000 0.008355 0.014745 0.999856 0.009931 0.006778 0.999928 0.004592 0.014222 0.999888 
0.000247 -0.000364 1.000000 -0.000098 0.000043 1.000000 0.008255 0.014568 0.999860 0.009861 0.006732 0.999929 0.004531 0.014031 0.999891 
0.000253 -0.000372 1.000000 -0.002210 0.000963 0.999997 0.008472 0.014962 0.999852 0.009743 0.006652 0.999930 0.004485 0.013907 0.999893 
0.000271 -0.000398 1.000000 -0.002299 0.001001 0.999997 0.008332 0.014715 0.999857 0.009610 0.006563 0.999932 0.004388 0.013604 0.999898 
0.000360 -0.000529 1.000000 -0.002338 0.001018 0.999997 0.008247 0.014567 0.999860 0.009543 0.006518 0.999933 0.004314 0.013376 0.999901 
0.000474 -0.000696 1.000000 -0.002130 0.000928 0.999997 0.008113 0.014330 0.999864 0.009495 0.006485 0.999934 0.004220 0.013084 0.999905 
