-0.000720 0.000412 1.000000 -0.000584 -0.001010 0.999999 -0.000575 -0.001009 0.999999 -0.000688 0.000414 1.000000 
-0.001815 0.001038 0.999998 0.000566 0.000980 0.999999 0.000567 0.000994 0.999999 -0.001813 0.001092 0.999998 
-0.000420 0.000240 1.000000 -0.001615 -0.002798 0.999995 -0.001597 -0.002805 0.999995 -0.000352 0.000212 1.000000 
-0.001504 0.000860 0.999998 -0.000186 -0.000323 1.000000 -0.000179 -0.000314 1.000000 -0.001477 0.000889 0.999999 
-0.001967 0.001125 0.999997 -0.000951 -0.001646 0.999998 -0.000934 -0.001640 0.999998 -0.001905 0.001147 0.999998 
-0.001748 0.001000 0.999998 -0.000854 -0.001479 0.999999 -0.000839 -0.001473 0.999999 -0.001693 0.001019 0.999998 
-0.000002 0.000001 1.000000 0.001071 0.001853 0.999998 0.001060 0.001860 0.999998 -0.000042 0.000026 1.000000 
0.000637 -0.000364 1.000000 0.000892 0.001544 0.999998 0.000881 0.001546 0.999998 0.000594 -0.000358 1.000000 
0.002449 -0.001400 0.999996 -0.000220 -0.000382 1.000000 -0.000227 -0.000398 1.000000 0.002425 -0.001459 0.999996 
0.002509 -0.001434 0.999996 -0.000162 -0.000281 1.000000 -0.000169 -0.000297 1.000000 0.002482 -0.001493 0.999996 
0.007184 -0.004103 0.999966 -0.000679 -0.001177 0.999999 -0.000697 -0.001225 0.999999 0.007115 -0.004278 0.999966 
0.008044 -0.004649 0.999957 -0.000662 -0.001134 0.999999 -0.000684 -0.001188 0.999999 0.007962 -0.004842 0.999957 
0.011862 -0.007055 0.999905 -0.000969 -0.001613 0.999998 -0.001002 -0.001691 0.999998 0.011735 -0.007338 0.999904 
0.010810 -0.006430 0.999921 -0.000880 -0.001464 0.999999 -0.000910 -0.001535 0.999998 0.010695 -0.006689 0.999920 
0.011686 -0.007116 0.999906 -0.000767 -0.001248 0.999999 -0.000803 -0.001324 0.999999 0.011550 -0.007391 0.999906 
0.019565 -0.011915 0.999738 -0.000659 -0.001072 0.999999 -0.000725 -0.001195 0.999999 0.019315 -0.012361 0.999737 
0.025882 -0.015408 0.999546 0.004414 0.007346 0.999963 0.004275 0.007214 0.999965 0.025366 -0.015878 0.999552 
0.027702 -0.015544 0.999495 0.012810 0.022642 0.999662 0.012577 0.022550 0.999667 0.026845 -0.015861 0.999514 
0.003922 -0.003427 0.999986 0.016941 0.032518 0.999328 0.000192 0.000054 1.000000 0.026346 -0.014581 0.999547 0.011628 0.013974 0.999835 0.004528 0.001220 0.999989 
0.000179 -0.000151 1.000000 0.015659 0.031678 0.999375 0.006275 0.001901 0.999979 0.023127 -0.012161 0.999659 0.008995 0.011233 0.999896 0.009451 0.002771 0.999951 
0.000107 -0.000088 1.000000 0.012303 0.025814 0.999591 0.006764 0.002072 0.999975 0.024705 -0.012538 0.999616 0.007782 0.010011 0.999920 0.007245 0.002158 0.999971 
0.000023 -0.000018 1.000000 0.009311 0.019982 0.999757 0.007501 0.002314 0.999969 0.027060 -0.013434 0.999544 0.006758 0.008857 0.999938 0.005076 0.001527 0.999986 
-0.000006 0.000005 1.000000 0.006129 0.013286 0.999893 0.007920 0.002451 0.999966 0.028345 -0.013929 0.999501 0.004920 0.006507 0.999967 0.002962 0.000895 0.999995 
-0.000287 0.000227 1.000000 0.002720 0.005943 0.999979 0.008188 0.002541 0.999963 0.029199 -0.014232 0.999472 0.002646 0.003522 0.999990 0.000635 0.000192 1.000000 
-0.001472 0.001156 0.999998 0.000726 0.001593 0.999998 0.007930 0.002465 0.999966 0.028640 -0.013903 0.999493 0.000389 0.000521 1.000000 -0.000944 -0.000287 1.000000 
-0.004305 0.003374 0.999985 0.000655 0.001437 0.999999 0.007041 0.002190 0.999973 0.025728 -0.012488 0.999591 0.000092 0.000123 1.000000 -0.002280 -0.000693 0.999997 
-0.005176 0.004053 0.999978 0.000595 0.001304 0.999999 0.005878 0.001844 0.999981 0.022081 -0.010718 0.999699 -0.000202 -0.000271 1.000000 -0.002701 -0.000827 0.999996 
-0.004628 0.003622 0.999983 0.000543 0.001190 0.999999 0.004532 0.001440 0.999989 0.017618 -0.008552 0.999808 -0.000373 -0.000501 1.000000 -0.002411 -0.000747 0.999997 
-0.004404 0.003459 0.999984 0.000498 0.001093 0.999999 0.002734 0.000877 0.999996 0.012482 -0.006059 0.999904 -0.000947 -0.001268 0.999999 -0.002319 -0.000725 0.999997 
-0.004450 0.003514 0.999984 0.000459 0.001007 0.999999 0.000731 0.000236 1.000000 0.007341 -0.003563 0.999967 -0.001928 -0.002567 0.999995 -0.002364 -0.000744 0.999997 
-0.004799 0.003805 0.999981 0.000217 0.000476 1.000000 -0.000409 -0.000133 1.000000 0.003976 -0.001930 0.999990 -0.002676 -0.003547 0.999990 -0.002560 -0.000809 0.999996 
-0.004529 0.003600 0.999983 0.000029 0.000064 1.000000 -0.001445 -0.000473 0.999999 0.001301 -0.000631 0.999999 -0.003568 -0.004718 0.999983 -0.002427 -0.000773 0.999997 
-0.002459 0.001954 0.999995 0.000310 0.000679 1.000000 -0.002300 -0.000768 0.999997 0.001193 -0.000580 0.999999 -0.004381 -0.005796 0.999974 -0.001523 -0.000494 0.999999 
-0.000959 0.000758 0.999999 -0.000552 -0.001208 0.999999 -0.002421 -0.000822 0.999997 0.002534 -0.001232 0.999996 -0.004814 -0.006398 0.999968 -0.001880 -0.000619 0.999998 
-0.002241 0.001764 0.999996 -0.000446 -0.000976 0.999999 -0.003694 -0.001264 0.999992 0.002112 -0.001027 0.999997 -0.004989 -0.006661 0.999965 -0.003365 -0.001115 0.999994 
-0.004569 0.003586 0.999983 0.000567 0.001240 0.999999 -0.005193 -0.001780 0.999985 0.003017 -0.001468 0.999994 -0.004938 -0.006614 0.999966 -0.005183 -0.001721 0.999985 
-0.006759 0.005290 0.999963 -0.000249 -0.000546 1.000000 -0.004830 -0.001652 0.999987 0.003951 -0.001921 0.999990 -0.004491 -0.006033 0.999972 -0.007155 -0.002371 0.999972 
-0.008728 0.006820 0.999939 0.000570 0.001248 0.999999 -0.005565 -0.001899 0.999983 0.001241 -0.000604 0.999999 -0.003734 -0.005023 0.999980 -0.007578 -0.002507 0.999968 
-0.010471 0.008175 0.999912 -0.000433 -0.000948 0.999999 -0.004202 -0.001427 0.999990 0.000169 -0.000082 1.000000 -0.002575 -0.003468 0.999991 -0.008357 -0.002752 0.999961 
-0.012130 0.009473 0.999882 0.001222 0.002669 0.999996 -0.003614 -0.001221 0.999993 -0.001906 0.000928 0.999998 -0.000844 -0.001137 0.999999 -0.007250 -0.002375 0.999971 
-0.013035 0.010185 0.999863 0.001549 0.003384 0.999993 -0.002437 -0.000820 0.999997 -0.001505 0.000733 0.999999 0.000550 0.000740 1.000000 -0.007040 -0.002298 0.999973 
-0.013337 0.010419 0.999857 0.001821 0.003978 0.999990 -0.002395 -0.000806 0.999997 -0.001033 0.000503 0.999999 0.001545 0.002078 0.999997 -0.007445 -0.002431 0.999969 
-0.013837 0.010808 0.999846 0.001655 0.003614 0.999992 -0.002172 -0.000731 0.999997 -0.000928 0.000452 0.999999 0.002463 0.003314 0.999991 -0.008067 -0.002634 0.999964 
-0.014416 0.011256 0.999833 0.001506 0.003289 0.999993 -0.001971 -0.000663 0.999998 -0.000842 0.000410 1.000000 0.003153 0.004244 0.999986 -0.008629 -0.002818 0.999959 
-0.015201 0.011861 0.999814 0.001369 0.002991 0.999995 -0.001794 -0.000604 0.999998 -0.000764 0.000372 1.000000 0.003552 0.004784 0.999982 -0.009177 -0.002997 0.999953 
-0.016262 0.012675 0.999787 0.001395 0.003047 0.999994 -0.001709 -0.000575 0.999998 -0.000565 0.000275 1.000000 0.003904 0.005263 0.999979 -0.009804 -0.003202 0.999947 
-0.017201 0.013400 0.999762 0.002013 0.004394 0.999988 -0.002406 -0.000811 0.999997 -0.001931 0.000941 0.999998 0.004132 0.005575 0.999976 -0.010024 -0.003277 0.999944 
-0.017843 0.013899 0.999744 0.001698 0.003708 0.999992 -0.001953 -0.000657 0.999998 -0.000510 0.000249 1.000000 0.004174 0.005631 0.999975 -0.010646 -0.003478 0.999937 
-0.018372 0.014309 0.999729 0.002462 0.005375 0.999983 -0.002635 -0.000888 0.999996 -0.000584 0.000285 1.000000 0.004174 0.005631 0.999975 -0.010776 -0.003524 0.999936 
-0.018758 0.014611 0.999717 0.002829 0.006172 0.999977 -0.003058 -0.001031 0.999995 -0.001548 0.000755 0.999999 0.004148 0.005596 0.999976 -0.010723 -0.003509 0.999936 
-0.019010 0.014807 0.999710 0.002286 0.004987 0.999985 -0.002797 -0.000943 0.999996 -0.001883 0.000918 0.999998 0.004074 0.005497 0.999977 -0.011002 -0.003600 0.999933 
-0.019127 0.014898 0.999706 0.001981 0.004323 0.999989 -0.002555 -0.000861 0.999996 -0.001646 0.000803 0.999998 0.003986 0.005378 0.999978 -0.011160 -0.003651 0.999931 
-0.019128 0.014900 0.999706 0.001702 0.003715 0.999992 -0.002310 -0.000779 0.999997 -0.001380 0.000673 0.999999 0.003899 0.005261 0.999979 -0.011242 -0.003677 0.999930 
-0.018982 0.014788 0.999710 0.001549 0.003381 0.999993 -0.002100 -0.000708 0.999998 -0.001236 0.000603 0.999999 0.003808 0.005137 0.999980 -0.011128 -0.003639 0.999931 
-0.018882 0.014711 0.999713 0.001408 0.003075 0.999994 -0.001414 -0.000476 0.999999 0.001644 -0.000802 0.999998 0.003707 0.005001 0.999981 -0.011353 -0.003708 0.999929 
-0.018674 0.014552 0.999720 0.002174 0.004744 0.999986 -0.001935 -0.000652 0.999998 0.001421 -0.000693 0.999999 0.003648 0.004920 0.999981 -0.010908 -0.003567 0.999934 
-0.018328 0.014284 0.999730 0.001961 0.004279 0.999989 -0.001762 -0.000594 0.999998 0.001265 -0.000617 0.999999 0.003552 0.004790 0.999982 -0.010698 -0.003498 0.999937 
-0.017933 0.013978 0.999741 0.001764 0.003851 0.999991 -0.002146 -0.000724 0.999997 -0.000269 0.000131 1.000000 0.003439 0.004636 0.999983 -0.010555 -0.003454 0.999938 
-0.017528 0.013664 0.999753 0.001641 0.003582 0.999992 -0.001965 -0.000663 0.999998 -0.000229 0.000112 1.000000 0.003309 0.004461 0.999985 -0.010265 -0.003359 0.999942 
-0.017099 0.013332 0.999765 0.002262 0.004937 0.999985 -0.002389 -0.000806 0.999997 -0.000097 0.000047 1.000000 0.003215 0.004333 0.999985 -0.009842 -0.003222 0.999946 
-0.016675 0.013004 0.999776 0.002961 0.006460 0.999975 -0.003163 -0.001068 0.999994 0.000029 -0.000014 1.000000 0.003098 0.004175 0.999986 -0.009652 -0.003161 0.999948 
-0.016242 0.012669 0.999788 0.002699 0.005888 0.999979 -0.002880 -0.000972 0.999995 0.000043 -0.000021 1.000000 0.002942 0.003965 0.999988 -0.009369 -0.003068 0.999951 
-0.015817 0.012340 0.999799 0.003313 0.007223 0.999968 -0.002830 -0.000955 0.999996 0.002274 -0.001110 0.999997 0.002820 0.003799 0.999989 -0.009104 -0.002981 0.999954 
-0.015381 0.012002 0.999810 0.002582 0.005631 0.999981 -0.002339 -0.000789 0.999997 0.002768 -0.001351 0.999995 0.002659 0.003582 0.999990 -0.009205 -0.003013 0.999953 
-0.014907 0.011633 0.999821 0.002331 0.005083 0.999984 -0.002125 -0.000717 0.999997 0.002497 -0.001218 0.999996 0.002447 0.003295 0.999992 -0.008850 -0.002896 0.999957 
-0.014430 0.011262 0.999832 0.002370 0.005170 0.999984 -0.002389 -0.000807 0.999997 0.001308 -0.000638 0.999999 0.002279 0.003069 0.999993 -0.008411 -0.002754 0.999961 
-0.013950 0.010890 0.999843 0.002137 0.004662 0.999987 -0.002170 -0.000733 0.999997 0.001182 -0.000577 0.999999 0.002120 0.002854 0.999994 -0.008094 -0.002650 0.999964 
-0.013480 0.010524 0.999854 0.002525 0.005508 0.999982 -0.002453 -0.000828 0.999997 0.001341 -0.000654 0.999999 0.001968 0.002650 0.999995 -0.007728 -0.002532 0.999967 
-0.013008 0.010157 0.999864 0.002291 0.004998 0.999985 -0.002234 -0.000755 0.999997 0.001215 -0.000593 0.999999 0.001840 0.002477 0.999995 -0.007429 -0.002434 0.999969 
-0.012547 0.009799 0.999873 0.002070 0.004516 0.999988 -0.002029 -0.000685 0.999998 0.001106 -0.000540 0.999999 0.001702 0.002290 0.999996 -0.007135 -0.002337 0.999972 
-0.012101 0.009452 0.999882 0.001710 0.003730 0.999992 -0.001829 -0.000617 0.999998 0.001071 -0.000522 0.999999 0.001561 0.002100 0.999997 -0.007005 -0.002294 0.999973 
-0.011677 0.009122 0.999890 0.001553 0.003388 0.999993 -0.001659 -0.000560 0.999998 0.000998 -0.000487 0.999999 0.001426 0.001919 0.999997 -0.006713 -0.002199 0.999975 
-0.011284 0.008815 0.999897 0.001410 0.003077 0.999994 -0.001506 -0.000509 0.999999 0.000928 -0.000453 0.999999 0.001304 0.001754 0.999998 -0.006444 -0.002110 0.999977 
-0.010920 0.008532 0.999904 0.001282 0.002797 0.999995 -0.001366 -0.000461 0.999999 0.000873 -0.000426 1.000000 0.001195 0.001607 0.999998 -0.006197 -0.002030 0.999979 
-0.010615 0.008296 0.999909 0.003196 0.006967 0.999971 -0.002037 -0.000688 0.999998 0.004652 -0.002271 0.999987 0.001165 0.001567 0.999998 -0.005885 -0.001927 0.999981 
-0.010331 0.008077 0.999914 0.003637 0.007926 0.999962 -0.002568 -0.000867 0.999996 0.005525 -0.002698 0.999981 0.001233 0.001658 0.999998 -0.006078 -0.001991 0.999980 
-0.010014 0.007830 0.999919 0.003015 0.006573 0.999974 -0.002184 -0.000737 0.999997 0.005727 -0.002796 0.999980 0.001068 0.001435 0.999998 -0.006145 -0.002012 0.999979 
-0.009722 0.007603 0.999924 0.002720 0.005929 0.999979 -0.001982 -0.000669 0.999998 0.005186 -0.002532 0.999983 0.000900 0.001209 0.999999 -0.005877 -0.001924 0.999981 
-0.009466 0.007403 0.999928 0.001986 0.004331 0.999989 -0.001536 -0.000518 0.999999 0.005531 -0.002699 0.999981 0.000744 0.001000 0.999999 -0.006069 -0.001986 0.999980 
-0.009242 0.007229 0.999931 0.002080 0.004536 0.999988 -0.001555 -0.000525 0.999999 0.005275 -0.002574 0.999983 0.000611 0.000821 0.999999 -0.005760 -0.001885 0.999982 
-0.009027 0.007062 0.999934 0.001610 0.003514 0.999993 -0.001398 -0.000472 0.999999 0.005271 -0.002571 0.999983 0.000497 0.000667 1.000000 -0.005904 -0.001932 0.999981 
-0.008843 0.006918 0.999937 0.001504 0.003283 0.999993 -0.001561 -0.000527 0.999999 0.005609 -0.002735 0.999981 0.000423 0.000568 1.000000 -0.006122 -0.002003 0.999979 
-0.008692 0.006801 0.999939 0.001813 0.003956 0.999991 -0.002088 -0.000705 0.999998 0.004368 -0.002131 0.999988 0.000317 0.000425 1.000000 -0.005839 -0.001912 0.999981 
-0.008558 0.006697 0.999941 0.001649 0.003597 0.999992 -0.001906 -0.000643 0.999998 0.003999 -0.001950 0.999990 0.000223 0.000300 1.000000 -0.005622 -0.001841 0.999983 
-0.008477 0.006634 0.999942 0.001577 0.003441 0.999993 -0.001605 -0.000541 0.999999 0.004787 -0.002335 0.999986 0.000143 0.000192 1.000000 -0.005564 -0.001821 0.999983 
-0.008459 0.006622 0.999942 0.001743 0.003803 0.999991 -0.001692 -0.000571 0.999998 0.004322 -0.002108 0.999988 0.000130 0.000174 1.000000 -0.005344 -0.001749 0.999984 
-0.008493 0.006649 0.999942 0.001582 0.003452 0.999993 -0.001517 -0.000512 0.999999 0.003942 -0.001923 0.999990 0.000202 0.000272 1.000000 -0.005280 -0.001728 0.999985 
