-0.001212 0.000088 0.999999 -0.001663 -0.021558 0.999766 -0.001180 -0.021560 0.999767 -0.001080 0.000085 0.999999 
-0.002995 0.000218 0.999995 -0.001675 -0.021752 0.999762 -0.001186 -0.021714 0.999764 -0.002860 0.000225 0.999996 
-0.003934 0.000287 0.999992 -0.001437 -0.018615 0.999826 -0.001017 -0.018552 0.999827 -0.003819 0.000302 0.999993 
-0.003545 0.000258 0.999994 -0.001295 -0.016775 0.999858 -0.000916 -0.016718 0.999860 -0.003440 0.000272 0.999994 
-0.000726 0.000053 1.000000 -0.001089 -0.014063 0.999901 -0.000774 -0.014065 0.999901 -0.000640 0.000051 1.000000 
-0.000649 0.000047 1.000000 -0.000982 -0.012683 0.999919 -0.000698 -0.012686 0.999919 -0.000571 0.000045 1.000000 
-0.000398 0.000029 1.000000 -0.000870 -0.011231 0.999937 -0.000619 -0.011237 0.999937 -0.000330 0.000026 1.000000 
-0.000262 0.000019 1.000000 -0.000776 -0.010021 0.999949 -0.000552 -0.010029 0.999950 -0.000201 0.000016 1.000000 
-0.000226 0.000016 1.000000 -0.000700 -0.009030 0.999959 -0.000498 -0.009037 0.999959 -0.000170 0.000013 1.000000 
0.000348 -0.000025 1.000000 -0.000428 -0.005519 0.999985 -0.000305 -0.005534 0.999985 0.000382 -0.000030 1.000000 
0.002616 -0.000192 0.999997 -0.000261 -0.003362 0.999994 -0.000189 -0.003425 0.999994 0.002635 -0.000209 0.999997 
0.005966 -0.000439 0.999982 0.000098 0.001254 0.999999 0.000062 0.001122 0.999999 0.005955 -0.000475 0.999982 
0.008701 -0.000640 0.999962 0.000396 0.005074 0.999987 0.000271 0.004887 0.999988 0.008666 -0.000691 0.999962 
0.007577 -0.000558 0.999971 0.000377 0.004840 0.999988 0.000260 0.004677 0.999989 0.007544 -0.000602 0.999971 
0.008692 -0.000641 0.999962 0.000549 0.007040 0.999975 0.000381 0.006856 0.999976 0.008645 -0.000691 0.999962 
0.007664 -0.000565 0.999970 0.000523 0.006706 0.999977 0.000364 0.006544 0.999979 0.007620 -0.000609 0.999971 
0.008584 -0.000633 0.999963 0.000681 0.008727 0.999962 0.000475 0.008547 0.999963 0.008527 -0.000681 0.999963 
0.009841 -0.000726 0.999951 0.000825 0.010561 0.999944 0.000577 0.010355 0.999946 0.009772 -0.000781 0.999952 
0.010794 -0.000797 0.999941 0.000776 0.009938 0.999950 0.000541 0.009710 0.999953 0.010728 -0.000858 0.999942 
0.011417 -0.000769 0.999935 0.000881 0.012305 0.999924 0.000593 0.012064 0.999927 0.011337 -0.000833 0.999935 
0.010043 -0.000693 0.999949 0.001149 0.015692 0.999876 0.000787 0.015487 0.999880 0.009943 -0.000747 0.999950 
0.007661 -0.000558 0.999970 0.001189 0.015420 0.999880 0.000835 0.015270 0.999883 0.007563 -0.000597 0.999971 
0.006466 -0.000443 0.999979 0.001179 0.016216 0.999868 0.000810 0.016092 0.999870 0.006364 -0.000475 0.999980 
0.003658 -0.000252 0.999993 0.000668 0.009110 0.999958 0.000460 0.009040 0.999959 0.003601 -0.000271 0.999993 
0.003411 -0.000139 0.999994 0.000472 0.010483 0.999945 0.000237 0.010414 0.999946 0.003346 -0.000157 0.999994 
0.003054 -0.000121 0.999995 0.000453 0.010331 0.999947 0.000221 0.010268 0.999947 0.002991 -0.000136 0.999996 
0.002045 -0.000081 0.999998 0.000275 0.006265 0.999980 0.000134 0.006223 0.999981 0.002006 -0.000092 0.999998 
0.001700 -0.000067 0.999999 0.000237 0.005405 0.999985 0.000116 0.005370 0.999986 0.001667 -0.000076 0.999999 
0.001563 -0.000062 0.999999 0.000222 0.005059 0.999987 0.000109 0.005027 0.999987 0.001532 -0.000070 0.999999 
0.003993 -0.000161 0.999992 0.000218 0.004883 0.999988 0.000107 0.004797 0.999988 0.003962 -0.000184 0.999992 
0.010730 -0.000427 0.999942 0.000215 0.004881 0.999988 0.000101 0.004644 0.999989 0.010698 -0.000491 0.999943 
0.005969 -0.002801 0.999978 0.000083 0.003052 0.999995 -0.005900 -0.002085 0.999980 0.003962 0.008405 0.999957 0.012918 -0.000664 0.999916 -0.017728 -0.003110 0.999838 
0.005034 -0.002396 0.999984 0.000082 0.002626 0.999997 -0.005009 -0.001731 0.999986 0.002878 0.006019 0.999978 0.002960 -0.000164 0.999996 -0.007217 -0.001210 0.999973 
0.001060 -0.000504 0.999999 0.000064 0.002073 0.999998 -0.000655 -0.000227 1.000000 0.001699 0.003557 0.999992 0.000952 -0.000053 1.000000 -0.001824 -0.000307 0.999998 
0.000185 -0.000088 1.000000 0.000033 0.001075 0.999999 -0.000011 -0.000004 1.000000 0.001521 0.003192 0.999994 0.001267 -0.000070 0.999999 -0.002364 -0.000397 0.999997 
0.000246 -0.000116 1.000000 0.000125 0.004136 0.999991 0.000414 0.000143 1.000000 0.000526 0.001106 0.999999 0.005370 -0.000292 0.999986 -0.002279 -0.000384 0.999997 
0.000699 -0.000330 1.000000 0.000090 0.003037 0.999995 0.002219 0.000768 0.999997 0.000237 0.000499 1.000000 0.008431 -0.000453 0.999964 -0.002186 -0.000368 0.999998 
0.002416 -0.001138 0.999996 0.000063 0.002229 0.999998 0.003956 0.001371 0.999991 0.000063 0.000133 1.000000 0.012472 -0.000652 0.999922 -0.001811 -0.000304 0.999998 
0.005165 -0.002433 0.999984 0.000040 0.001426 0.999999 0.004982 0.001726 0.999986 0.000014 0.000030 1.000000 0.016577 -0.000866 0.999862 -0.001672 -0.000281 0.999999 
0.008728 -0.004112 0.999953 0.000012 0.000458 1.000000 0.005254 0.001825 0.999985 -0.000510 -0.001077 0.999999 0.020173 -0.001036 0.999796 -0.000823 -0.000139 1.000000 
0.010922 -0.005143 0.999927 -0.000032 -0.001201 0.999999 0.005759 0.002001 0.999981 -0.000570 -0.001204 0.999999 0.022387 -0.001140 0.999749 -0.000766 -0.000129 1.000000 
0.012643 -0.005941 0.999902 -0.000079 -0.003023 0.999995 0.005950 0.002069 0.999980 -0.000671 -0.001422 0.999999 0.023568 -0.001185 0.999722 -0.000750 -0.000127 1.000000 
0.014199 -0.006650 0.999877 -0.000121 -0.004826 0.999988 0.006053 0.002107 0.999979 -0.000791 -0.001680 0.999998 0.024434 -0.001198 0.999701 -0.000710 -0.000120 1.000000 
0.015367 -0.007162 0.999856 -0.000158 -0.006744 0.999977 0.006069 0.002116 0.999979 -0.001062 -0.002269 0.999997 0.024892 -0.001178 0.999689 -0.000674 -0.000114 1.000000 
0.016129 -0.007485 0.999842 -0.000190 -0.008732 0.999962 0.005643 0.001970 0.999982 -0.001653 -0.003546 0.999992 0.024613 -0.001124 0.999696 -0.000630 -0.000106 1.000000 
0.016559 -0.007649 0.999834 -0.000217 -0.010642 0.999943 0.004971 0.001738 0.999986 -0.002402 -0.005174 0.999984 0.023871 -0.001055 0.999714 -0.000592 -0.000100 1.000000 
0.016798 -0.007731 0.999829 -0.000238 -0.012298 0.999924 0.004148 0.001451 0.999990 -0.003138 -0.006784 0.999972 0.022830 -0.000985 0.999739 -0.000562 -0.000095 1.000000 
0.016876 -0.007755 0.999828 -0.000259 -0.013589 0.999908 0.003113 0.001089 0.999995 -0.003894 -0.008432 0.999957 0.021542 -0.000924 0.999768 -0.000538 -0.000091 1.000000 
0.016807 -0.007728 0.999829 -0.000285 -0.014506 0.999895 0.001764 0.000617 0.999998 -0.004675 -0.010114 0.999938 0.019858 -0.000862 0.999802 -0.000518 -0.000087 1.000000 
0.016582 -0.007641 0.999833 -0.000311 -0.015021 0.999887 0.000260 0.000091 1.000000 -0.005447 -0.011760 0.999916 0.017993 -0.000801 0.999838 -0.000502 -0.000085 1.000000 
0.016265 -0.007520 0.999839 -0.000340 -0.015242 0.999884 -0.001315 -0.000458 0.999999 -0.006205 -0.013349 0.999892 0.016071 -0.000742 0.999871 -0.000490 -0.000083 1.000000 
0.015846 -0.007365 0.999847 -0.000378 -0.015411 0.999881 -0.002982 -0.001037 0.999995 -0.007015 -0.015011 0.999863 0.013984 -0.000677 0.999902 -0.000480 -0.000081 1.000000 
0.015311 -0.007168 0.999857 -0.000426 -0.015461 0.999880 -0.004781 -0.001657 0.999987 -0.007873 -0.016726 0.999829 0.011685 -0.000601 0.999932 -0.000473 -0.000080 1.000000 
0.014717 -0.006952 0.999868 -0.000477 -0.015257 0.999883 -0.006654 -0.002297 0.999975 -0.008762 -0.018448 0.999791 0.009380 -0.000518 0.999956 -0.000466 -0.000079 1.000000 
0.014235 -0.006798 0.999876 -0.000527 -0.014826 0.999890 -0.008591 -0.002954 0.999959 -0.009660 -0.020118 0.999751 0.007217 -0.000430 0.999974 -0.000462 -0.000078 1.000000 
0.013765 -0.006657 0.999883 -0.000569 -0.014088 0.999901 -0.010598 -0.003626 0.999937 -0.010572 -0.021740 0.999708 0.005129 -0.000331 0.999987 -0.000458 -0.000077 1.000000 
0.013218 -0.006482 0.999892 -0.000601 -0.013119 0.999914 -0.012653 -0.004307 0.999911 -0.011496 -0.023316 0.999662 0.003002 -0.000210 0.999995 -0.000455 -0.000077 1.000000 
0.012561 -0.006251 0.999902 -0.000616 -0.011953 0.999928 -0.014733 -0.004988 0.999879 -0.012422 -0.024825 0.999615 0.000802 -0.000061 1.000000 -0.000451 -0.000076 1.000000 
0.012330 -0.006190 0.999905 -0.000553 -0.010372 0.999946 -0.015585 -0.005271 0.999865 -0.012875 -0.025510 0.999592 0.000675 -0.000052 1.000000 -0.000445 -0.000075 1.000000 
0.012494 -0.006297 0.999902 -0.000515 -0.009478 0.999955 -0.016123 -0.005449 0.999855 -0.012977 -0.025610 0.999588 0.000634 -0.000050 1.000000 -0.000442 -0.000074 1.000000 
0.012335 -0.006244 0.999904 -0.000447 -0.008023 0.999968 -0.016595 -0.005604 0.999847 -0.013008 -0.025559 0.999589 0.000593 -0.000047 1.000000 -0.000439 -0.000074 1.000000 
0.012001 -0.006099 0.999909 -0.000362 -0.006356 0.999980 -0.016887 -0.005697 0.999841 -0.012868 -0.025188 0.999600 0.000555 -0.000045 1.000000 -0.000438 -0.000074 1.000000 
0.011497 -0.005847 0.999917 -0.000267 -0.004671 0.999989 -0.016775 -0.005659 0.999843 -0.012359 -0.024176 0.999631 0.000519 -0.000042 1.000000 -0.000437 -0.000074 1.000000 
0.010703 -0.005443 0.999928 -0.000178 -0.003125 0.999995 -0.016287 -0.005495 0.999852 -0.011702 -0.022893 0.999669 0.000462 -0.000037 1.000000 -0.000417 -0.000070 1.000000 
0.009868 -0.005018 0.999939 -0.000142 -0.002495 0.999997 -0.015264 -0.005150 0.999870 -0.010881 -0.021292 0.999714 0.000396 -0.000032 1.000000 -0.000379 -0.000064 1.000000 
0.009060 -0.004605 0.999948 -0.000108 -0.001884 0.999998 -0.014143 -0.004772 0.999889 -0.009938 -0.019459 0.999761 0.000342 -0.000028 1.000000 -0.000341 -0.000057 1.000000 
0.008237 -0.004181 0.999957 -0.000067 -0.001179 0.999999 -0.012969 -0.004376 0.999906 -0.008902 -0.017454 0.999808 0.000278 -0.000023 1.000000 -0.000289 -0.000049 1.000000 
0.007417 -0.003761 0.999965 -0.000393 -0.006839 0.999977 -0.011882 -0.003993 0.999921 -0.007876 -0.015459 0.999849 -0.001192 0.000097 0.999999 -0.002682 -0.000448 0.999996 
0.006653 -0.003371 0.999972 -0.000361 -0.006307 0.999980 -0.009468 -0.003178 0.999950 -0.006890 -0.013537 0.999885 0.003258 -0.000265 0.999995 -0.004835 -0.000806 0.999988 
0.005918 -0.002996 0.999978 -0.000326 -0.005687 0.999984 -0.008263 -0.002774 0.999962 -0.005965 -0.011727 0.999913 0.002982 -0.000243 0.999996 -0.004391 -0.000732 0.999990 
0.005164 -0.002613 0.999983 -0.000332 -0.005754 0.999983 -0.005672 -0.001899 0.999982 -0.005098 -0.010030 0.999937 0.008843 -0.000724 0.999961 -0.007707 -0.001279 0.999969 
0.004536 -0.002294 0.999987 -0.000299 -0.005171 0.999987 -0.004814 -0.001611 0.999987 -0.004274 -0.008412 0.999955 0.007914 -0.000648 0.999968 -0.006976 -0.001158 0.999975 
0.003979 -0.002012 0.999990 -0.000268 -0.004640 0.999989 -0.003989 -0.001335 0.999991 -0.003522 -0.006933 0.999970 0.007154 -0.000586 0.999974 -0.006314 -0.001048 0.999980 
0.003450 -0.001744 0.999993 -0.000240 -0.004151 0.999991 -0.003194 -0.001069 0.999994 -0.002801 -0.005515 0.999981 0.006465 -0.000529 0.999979 -0.005714 -0.000949 0.999983 
0.002957 -0.001495 0.999995 -0.000214 -0.003707 0.999993 -0.002471 -0.000827 0.999997 -0.002154 -0.004243 0.999989 0.005840 -0.000478 0.999983 -0.005170 -0.000859 0.999986 
0.002328 -0.001176 0.999997 -0.000160 -0.002767 0.999996 -0.001854 -0.000620 0.999998 -0.001595 -0.003143 0.999994 0.007054 -0.000578 0.999975 -0.006143 -0.001020 0.999981 
0.001695 -0.000856 0.999998 -0.000052 -0.000902 1.000000 -0.001622 -0.000543 0.999999 -0.001084 -0.002137 0.999997 0.006839 -0.000560 0.999976 -0.005836 -0.000970 0.999983 
0.001128 -0.000569 0.999999 0.000022 0.000388 1.000000 -0.001239 -0.000415 0.999999 -0.000683 -0.001348 0.999999 0.006745 -0.000552 0.999977 -0.005537 -0.000922 0.999984 
0.000548 -0.000277 1.000000 0.000084 0.001449 0.999999 -0.000569 -0.000190 1.000000 -0.000407 -0.000803 1.000000 0.008297 -0.000680 0.999965 -0.006262 -0.001043 0.999980 
0.000091 -0.000046 1.000000 0.000078 0.001352 0.999999 -0.000290 -0.000097 1.000000 -0.000281 -0.000554 1.000000 0.007332 -0.000601 0.999973 -0.005673 -0.000945 0.999983 
0.000087 -0.000044 1.000000 0.000073 0.001259 0.999999 -0.000274 -0.000092 1.000000 -0.000250 -0.000493 1.000000 0.006651 -0.000545 0.999978 -0.005145 -0.000857 0.999986 
0.000085 -0.000043 1.000000 0.000067 0.001163 0.999999 -0.000269 -0.000090 1.000000 -0.000234 -0.000462 1.000000 0.006033 -0.000495 0.999982 -0.004669 -0.000777 0.999989 
0.000085 -0.000043 1.000000 0.000062 0.001079 0.999999 -0.000269 -0.000090 1.000000 -0.000225 -0.000444 1.000000 0.005473 -0.000449 0.999985 -0.004236 -0.000705 0.999991 
0.000756 -0.000382 1.000000 0.000093 0.001595 0.999999 -0.000646 -0.000216 1.000000 -0.000595 -0.001173 0.999999 0.006010 -0.000496 0.999982 -0.003834 -0.000641 0.999992 
0.000745 -0.000376 1.000000 0.000086 0.001468 0.999999 -0.000690 -0.000231 1.000000 -0.000604 -0.001192 0.999999 0.005457 -0.000451 0.999985 -0.003481 -0.000582 0.999994 
0.000855 -0.000432 1.000000 0.000079 0.001346 0.999999 -0.000805 -0.000270 1.000000 -0.000610 -0.001201 0.999999 0.004955 -0.000409 0.999988 -0.003157 -0.000528 0.999995 
0.000959 -0.000484 0.999999 0.000070 0.001198 0.999999 -0.000966 -0.000323 0.999999 -0.000673 -0.001327 0.999999 0.004488 -0.000371 0.999990 -0.002879 -0.000481 0.999996 
0.001062 -0.000537 0.999999 0.000062 0.001065 0.999999 -0.001121 -0.000375 0.999999 -0.000734 -0.001447 0.999999 0.004064 -0.000336 0.999992 -0.002624 -0.000438 0.999996 
0.001156 -0.000584 0.999999 0.000055 0.000944 1.000000 -0.001260 -0.000422 0.999999 -0.000790 -0.001557 0.999998 0.003683 -0.000304 0.999993 -0.002393 -0.000400 0.999997 
0.001242 -0.000627 0.999999 0.000059 0.001003 0.999999 -0.001384 -0.000463 0.999999 -0.000841 -0.001657 0.999998 0.003471 -0.000287 0.999994 -0.002202 -0.000368 0.999998 
0.001336 -0.000675 0.999999 0.000106 0.001823 0.999998 -0.001538 -0.000515 0.999999 -0.000906 -0.001785 0.999998 0.003901 -0.000322 0.999992 -0.002170 -0.000363 0.999998 
0.001430 -0.000722 0.999999 0.000095 0.001624 0.999999 -0.001694 -0.000567 0.999998 -0.000991 -0.001954 0.999998 0.003535 -0.000292 0.999994 -0.001982 -0.000332 0.999998 
0.001504 -0.000760 0.999999 0.000085 0.001448 0.999999 -0.001832 -0.000614 0.999998 -0.001074 -0.002116 0.999997 0.003205 -0.000265 0.999995 -0.001812 -0.000303 0.999998 
0.001321 -0.000668 0.999999 -0.000054 -0.000919 1.000000 -0.001393 -0.000465 0.999999 -0.001182 -0.002329 0.999997 0.004960 -0.000411 0.999988 -0.004098 -0.000682 0.999991 
0.001226 -0.000619 0.999999 0.000009 0.000161 1.000000 -0.001767 -0.000591 0.999998 -0.001285 -0.002533 0.999996 0.004856 -0.000402 0.999988 -0.003901 -0.000650 0.999992 
0.001162 -0.000587 0.999999 0.000008 0.000131 1.000000 -0.001823 -0.000609 0.999998 -0.001371 -0.002702 0.999995 0.004397 -0.000364 0.999990 -0.003550 -0.000591 0.999994 
0.001091 -0.000551 0.999999 0.000035 0.000595 1.000000 -0.001879 -0.000628 0.999998 -0.001447 -0.002852 0.999995 0.004948 -0.000410 0.999988 -0.003829 -0.000638 0.999992 
0.001110 -0.000561 0.999999 0.000030 0.000512 1.000000 -0.001970 -0.000658 0.999998 -0.001515 -0.002985 0.999994 0.004478 -0.000371 0.999990 -0.003489 -0.000581 0.999994 
0.001201 -0.000607 0.999999 0.000060 0.001016 0.999999 -0.002091 -0.000699 0.999998 -0.001566 -0.003086 0.999994 0.004541 -0.000376 0.999990 -0.003282 -0.000547 0.999994 
0.001336 -0.000675 0.999999 0.000053 0.000907 1.000000 -0.002247 -0.000751 0.999997 -0.001622 -0.003196 0.999994 0.004112 -0.000341 0.999991 -0.002988 -0.000498 0.999995 
0.001456 -0.000736 0.999999 0.000047 0.000798 1.000000 -0.002387 -0.000798 0.999997 -0.001674 -0.003297 0.999993 0.003723 -0.000308 0.999993 -0.002725 -0.000454 0.999996 
0.001550 -0.000783 0.999998 0.000041 0.000699 1.000000 -0.002492 -0.000833 0.999997 -0.001710 -0.003369 0.999993 0.003375 -0.000280 0.999994 -0.002487 -0.000415 0.999997 
0.001635 -0.000826 0.999998 0.000036 0.000612 1.000000 -0.002586 -0.000865 0.999996 -0.001742 -0.003433 0.999993 0.003062 -0.000254 0.999995 -0.002271 -0.000379 0.999997 
0.001711 -0.000865 0.999998 0.000031 0.000536 1.000000 -0.002668 -0.000892 0.999996 -0.001768 -0.003484 0.999992 0.002780 -0.000230 0.999996 -0.002075 -0.000346 0.999998 
0.001790 -0.000904 0.999998 0.000044 0.000758 1.000000 -0.002719 -0.000909 0.999996 -0.001792 -0.003531 0.999992 0.003117 -0.000258 0.999995 -0.002214 -0.000369 0.999997 
0.001864 -0.000942 0.999998 0.000039 0.000667 1.000000 -0.002806 -0.000938 0.999996 -0.001825 -0.003595 0.999992 0.002830 -0.000234 0.999996 -0.002023 -0.000337 0.999998 
0.001924 -0.000972 0.999998 0.000034 0.000585 1.000000 -0.002882 -0.000963 0.999995 -0.001856 -0.003657 0.999992 0.002571 -0.000213 0.999997 -0.001851 -0.000309 0.999998 
0.001971 -0.000996 0.999998 0.000030 0.000513 1.000000 -0.002953 -0.000987 0.999995 -0.001895 -0.003734 0.999991 0.002339 -0.000194 0.999997 -0.001695 -0.000283 0.999999 
0.002020 -0.001021 0.999997 0.000026 0.000443 1.000000 -0.003037 -0.001015 0.999995 -0.001947 -0.003837 0.999991 0.002128 -0.000176 0.999998 -0.001556 -0.000259 0.999999 
0.002087 -0.001055 0.999997 0.000022 0.000379 1.000000 -0.003141 -0.001050 0.999995 -0.002009 -0.003959 0.999990 0.001938 -0.000161 0.999998 -0.001431 -0.000239 0.999999 
0.002167 -0.001095 0.999997 0.000027 0.000462 1.000000 -0.003286 -0.001098 0.999994 -0.002067 -0.004072 0.999990 0.001954 -0.000162 0.999998 -0.001455 -0.000243 0.999999 
0.002250 -0.001137 0.999997 0.000128 0.002187 0.999998 -0.003898 -0.001304 0.999992 -0.002117 -0.004171 0.999989 0.001637 -0.000136 0.999999 -0.000942 -0.000158 1.000000 
0.002323 -0.001174 0.999997 0.000116 0.001982 0.999998 -0.003974 -0.001329 0.999991 -0.002206 -0.004348 0.999988 0.001508 -0.000125 0.999999 -0.000868 -0.000145 1.000000 
0.002486 -0.001256 0.999996 -0.000075 -0.001276 0.999999 -0.003167 -0.001057 0.999994 -0.002301 -0.004535 0.999987 0.003347 -0.000278 0.999994 -0.002876 -0.000478 0.999996 
0.002552 -0.001290 0.999996 -0.000068 -0.001161 0.999999 -0.003320 -0.001108 0.999994 -0.002368 -0.004667 0.999986 0.003051 -0.000253 0.999995 -0.002621 -0.000436 0.999996 
0.002518 -0.001272 0.999996 -0.000012 -0.000212 1.000000 -0.003647 -0.001217 0.999993 -0.002412 -0.004754 0.999986 0.003058 -0.000254 0.999995 -0.002542 -0.000423 0.999997 
0.002406 -0.001216 0.999996 0.000078 0.001326 0.999999 -0.003768 -0.001258 0.999992 -0.002439 -0.004806 0.999985 0.004744 -0.000394 0.999989 -0.003412 -0.000569 0.999994 
0.002522 -0.001274 0.999996 0.000071 0.001201 0.999999 -0.003933 -0.001313 0.999991 -0.002537 -0.004998 0.999984 0.004311 -0.000358 0.999991 -0.003104 -0.000517 0.999995 
0.002658 -0.001343 0.999996 0.000062 0.001057 0.999999 -0.004128 -0.001378 0.999991 -0.002649 -0.005219 0.999983 0.003906 -0.000325 0.999992 -0.002834 -0.000472 0.999996 
0.002783 -0.001407 0.999995 0.000055 0.000934 1.000000 -0.004315 -0.001441 0.999990 -0.002763 -0.005443 0.999981 0.003542 -0.000295 0.999994 -0.002587 -0.000431 0.999997 
0.002892 -0.001462 0.999995 0.000074 0.001253 0.999999 -0.004520 -0.001509 0.999989 -0.002887 -0.005687 0.999980 0.003533 -0.000294 0.999994 -0.002431 -0.000405 0.999997 
0.003039 -0.001536 0.999994 0.000066 0.001119 0.999999 -0.004738 -0.001582 0.999988 -0.003023 -0.005953 0.999978 0.003209 -0.000267 0.999995 -0.002221 -0.000370 0.999997 
0.003159 -0.001597 0.999994 0.000059 0.000998 1.000000 -0.004906 -0.001639 0.999987 -0.003123 -0.006150 0.999976 0.002917 -0.000243 0.999996 -0.002031 -0.000339 0.999998 
0.003239 -0.001637 0.999993 0.000052 0.000882 1.000000 -0.005040 -0.001683 0.999986 -0.003214 -0.006330 0.999975 0.002651 -0.000221 0.999996 -0.001862 -0.000310 0.999998 
0.003339 -0.001688 0.999993 0.000046 0.000784 1.000000 -0.005143 -0.001718 0.999985 -0.003266 -0.006432 0.999974 0.002427 -0.000202 0.999997 -0.001703 -0.000284 0.999999 
0.003399 -0.001718 0.999993 0.000041 0.000692 1.000000 -0.005229 -0.001747 0.999985 -0.003331 -0.006558 0.999973 0.002225 -0.000185 0.999998 -0.001563 -0.000261 0.999999 
0.003494 -0.001767 0.999992 0.000036 0.000605 1.000000 -0.005288 -0.001766 0.999984 -0.003389 -0.006672 0.999972 0.002118 -0.000176 0.999998 -0.001436 -0.000239 0.999999 
0.003611 -0.001826 0.999992 0.000031 0.000526 1.000000 -0.005311 -0.001774 0.999984 -0.003446 -0.006786 0.999971 0.002109 -0.000175 0.999998 -0.001319 -0.000220 0.999999 
0.003762 -0.001902 0.999991 0.000027 0.000451 1.000000 -0.005310 -0.001773 0.999984 -0.003488 -0.006868 0.999970 0.002171 -0.000181 0.999998 -0.001214 -0.000202 0.999999 
0.003905 -0.001975 0.999990 0.000022 0.000381 1.000000 -0.005295 -0.001769 0.999984 -0.003507 -0.006904 0.999970 0.002227 -0.000185 0.999998 -0.001118 -0.000186 0.999999 
0.004006 -0.002026 0.999990 0.000059 0.000993 1.000000 -0.005328 -0.001780 0.999984 -0.003519 -0.006928 0.999970 0.003010 -0.000251 0.999995 -0.001396 -0.000233 0.999999 
0.004069 -0.002058 0.999990 0.000063 0.001062 0.999999 -0.005349 -0.001787 0.999984 -0.003562 -0.007013 0.999969 0.003216 -0.000268 0.999995 -0.001452 -0.000242 0.999999 
0.004235 -0.002141 0.999989 0.000055 0.000937 1.000000 -0.005379 -0.001797 0.999984 -0.003627 -0.007141 0.999968 0.003228 -0.000269 0.999995 -0.001333 -0.000222 0.999999 
0.004332 -0.002191 0.999988 0.000082 0.001379 0.999999 -0.005458 -0.001824 0.999983 -0.003674 -0.007233 0.999967 0.003792 -0.000316 0.999993 -0.001541 -0.000257 0.999999 
0.004475 -0.002263 0.999987 0.000073 0.001227 0.999999 -0.005524 -0.001846 0.999983 -0.003743 -0.007367 0.999966 0.003699 -0.000308 0.999993 -0.001413 -0.000236 0.999999 
0.004623 -0.002338 0.999987 0.000072 0.001210 0.999999 -0.005614 -0.001876 0.999982 -0.003800 -0.007480 0.999965 0.003777 -0.000315 0.999993 -0.001403 -0.000234 0.999999 
0.004761 -0.002408 0.999986 0.000063 0.001065 0.999999 -0.005632 -0.001882 0.999982 -0.003861 -0.007600 0.999964 0.003768 -0.000314 0.999993 -0.001290 -0.000215 0.999999 
0.004926 -0.002491 0.999985 0.000055 0.000930 1.000000 -0.005643 -0.001886 0.999982 -0.003916 -0.007708 0.999963 0.003810 -0.000317 0.999993 -0.001189 -0.000199 0.999999 
0.004970 -0.002514 0.999984 -0.000049 -0.000823 1.000000 -0.005200 -0.001735 0.999985 -0.003953 -0.007780 0.999962 0.005183 -0.000433 0.999986 -0.002652 -0.000441 0.999996 
0.005000 -0.002529 0.999984 -0.000046 -0.000773 1.000000 -0.005240 -0.001748 0.999985 -0.003962 -0.007797 0.999962 0.004931 -0.000412 0.999988 -0.002419 -0.000403 0.999997 
0.005067 -0.002564 0.999984 -0.000043 -0.000720 1.000000 -0.005231 -0.001746 0.999985 -0.003942 -0.007758 0.999962 0.004783 -0.000399 0.999988 -0.002206 -0.000367 0.999997 
0.005178 -0.002619 0.999983 -0.000040 -0.000669 1.000000 -0.005199 -0.001735 0.999985 -0.003925 -0.007724 0.999962 0.004745 -0.000396 0.999989 -0.002012 -0.000335 0.999998 
0.005323 -0.002693 0.999982 -0.000037 -0.000626 1.000000 -0.005151 -0.001719 0.999985 -0.003923 -0.007719 0.999963 0.004809 -0.000401 0.999988 -0.001835 -0.000305 0.999998 
0.005459 -0.002762 0.999981 -0.000035 -0.000587 1.000000 -0.005090 -0.001698 0.999986 -0.003918 -0.007709 0.999963 0.004896 -0.000409 0.999988 -0.001675 -0.000279 0.999999 
0.005586 -0.002826 0.999980 -0.000033 -0.000551 1.000000 -0.005024 -0.001676 0.999986 -0.003898 -0.007669 0.999963 0.004972 -0.000415 0.999988 -0.001529 -0.000254 0.999999 
0.005692 -0.002880 0.999980 -0.000015 -0.000260 1.000000 -0.004983 -0.001663 0.999986 -0.003869 -0.007613 0.999964 0.005073 -0.000423 0.999987 -0.001327 -0.000221 0.999999 
0.005809 -0.002939 0.999979 -0.000016 -0.000269 1.000000 -0.004863 -0.001623 0.999987 -0.003837 -0.007549 0.999964 0.005506 -0.000460 0.999985 -0.001467 -0.000244 0.999999 
0.005943 -0.003007 0.999978 -0.000016 -0.000264 1.000000 -0.004801 -0.001602 0.999987 -0.003802 -0.007479 0.999965 0.005564 -0.000465 0.999984 -0.001337 -0.000223 0.999999 
0.006043 -0.003058 0.999977 -0.000016 -0.000263 1.000000 -0.004713 -0.001573 0.999988 -0.003789 -0.007453 0.999965 0.005671 -0.000473 0.999984 -0.001224 -0.000204 0.999999 
0.006130 -0.003102 0.999976 -0.000015 -0.000256 1.000000 -0.004616 -0.001541 0.999988 -0.003766 -0.007408 0.999965 0.005777 -0.000482 0.999983 -0.001118 -0.000186 0.999999 
0.006157 -0.003116 0.999976 -0.000138 -0.002319 0.999997 -0.003545 -0.001180 0.999993 -0.003756 -0.007390 0.999966 0.008737 -0.000732 0.999962 -0.003324 -0.000551 0.999994 
0.006190 -0.003132 0.999976 -0.000127 -0.002130 0.999998 -0.003639 -0.001212 0.999993 -0.003740 -0.007357 0.999966 0.008377 -0.000702 0.999965 -0.003026 -0.000502 0.999995 
0.006221 -0.003148 0.999976 -0.000117 -0.001960 0.999998 -0.003672 -0.001223 0.999993 -0.003692 -0.007263 0.999967 0.008091 -0.000678 0.999967 -0.002755 -0.000457 0.999996 
0.006299 -0.003188 0.999975 -0.000108 -0.001803 0.999998 -0.003635 -0.001210 0.999993 -0.003621 -0.007122 0.999968 0.007956 -0.000667 0.999968 -0.002508 -0.000416 0.999997 
0.006417 -0.003248 0.999974 -0.000099 -0.001659 0.999999 -0.003538 -0.001178 0.999993 -0.003561 -0.007003 0.999969 0.007994 -0.000670 0.999968 -0.002283 -0.000378 0.999997 
0.006541 -0.003311 0.999973 -0.000091 -0.001530 0.999999 -0.003422 -0.001139 0.999993 -0.003511 -0.006906 0.999970 0.008102 -0.000679 0.999967 -0.002078 -0.000344 0.999998 
0.006651 -0.003367 0.999972 -0.000084 -0.001414 0.999999 -0.003298 -0.001098 0.999994 -0.003448 -0.006782 0.999971 0.008199 -0.000687 0.999966 -0.001892 -0.000314 0.999998 
0.006749 -0.003416 0.999971 -0.000078 -0.001308 0.999999 -0.003162 -0.001053 0.999994 -0.003390 -0.006666 0.999972 0.008321 -0.000697 0.999965 -0.001723 -0.000286 0.999998 
0.006831 -0.003458 0.999971 -0.000072 -0.001213 0.999999 -0.003012 -0.001003 0.999995 -0.003326 -0.006540 0.999973 0.008453 -0.000708 0.999964 -0.001570 -0.000260 0.999999 
0.006904 -0.003495 0.999970 -0.000067 -0.001128 0.999999 -0.002873 -0.000957 0.999995 -0.003268 -0.006426 0.999974 0.008575 -0.000719 0.999963 -0.001432 -0.000237 0.999999 
0.006969 -0.003528 0.999969 -0.000063 -0.001051 0.999999 -0.002747 -0.000915 0.999996 -0.003215 -0.006323 0.999975 0.008685 -0.000728 0.999962 -0.001306 -0.000216 0.999999 
0.007029 -0.003558 0.999969 -0.000058 -0.000981 1.000000 -0.002633 -0.000877 0.999996 -0.003167 -0.006229 0.999976 0.008784 -0.000736 0.999961 -0.001192 -0.000198 0.999999 
0.007113 -0.003601 0.999968 -0.000034 -0.000571 1.000000 -0.002510 -0.000836 0.999996 -0.003132 -0.006159 0.999976 0.009578 -0.000803 0.999954 -0.001447 -0.000240 0.999999 
0.007236 -0.003663 0.999967 -0.000032 -0.000539 1.000000 -0.002457 -0.000818 0.999997 -0.003120 -0.006135 0.999976 0.009658 -0.000810 0.999953 -0.001318 -0.000218 0.999999 
0.007340 -0.003716 0.999966 -0.000031 -0.000516 1.000000 -0.002383 -0.000794 0.999997 -0.003100 -0.006097 0.999977 0.009750 -0.000817 0.999952 -0.001202 -0.000199 0.999999 
0.007421 -0.003757 0.999965 -0.000029 -0.000492 1.000000 -0.002288 -0.000762 0.999997 -0.003072 -0.006042 0.999977 0.009850 -0.000826 0.999951 -0.001095 -0.000182 0.999999 
0.007492 -0.003793 0.999965 -0.000028 -0.000472 1.000000 -0.002198 -0.000732 0.999997 -0.003047 -0.005992 0.999977 0.009943 -0.000834 0.999950 -0.000999 -0.000166 0.999999 
0.007582 -0.003838 0.999964 0.000005 0.000086 1.000000 -0.002209 -0.000736 0.999997 -0.003035 -0.005968 0.999978 0.010372 -0.000870 0.999946 -0.001006 -0.000167 0.999999 
0.007698 -0.003897 0.999963 0.000003 0.000045 1.000000 -0.002188 -0.000729 0.999997 -0.003056 -0.006008 0.999977 0.010440 -0.000876 0.999945 -0.000921 -0.000153 1.000000 
0.007793 -0.003945 0.999962 0.000000 0.000004 1.000000 -0.002135 -0.000711 0.999997 -0.003061 -0.006018 0.999977 0.010525 -0.000883 0.999944 -0.000843 -0.000140 1.000000 
0.007874 -0.003986 0.999961 -0.000002 -0.000035 1.000000 -0.002078 -0.000692 0.999998 -0.003062 -0.006021 0.999977 0.010607 -0.000890 0.999943 -0.000773 -0.000128 1.000000 
0.007943 -0.004021 0.999960 -0.000050 -0.000844 1.000000 -0.001726 -0.000574 0.999998 -0.003062 -0.006020 0.999977 0.011654 -0.000978 0.999932 -0.001574 -0.000261 0.999999 
0.008100 -0.004101 0.999959 -0.000049 -0.000817 1.000000 -0.001708 -0.000568 0.999998 -0.003048 -0.005992 0.999977 0.011704 -0.000982 0.999931 -0.001441 -0.000239 0.999999 
0.008218 -0.004161 0.999958 -0.000046 -0.000776 1.000000 -0.001640 -0.000546 0.999999 -0.003022 -0.005941 0.999978 0.011788 -0.000989 0.999930 -0.001311 -0.000217 0.999999 
0.008263 -0.004184 0.999957 -0.000193 -0.003223 0.999995 -0.000841 -0.000279 1.000000 -0.002999 -0.005897 0.999978 0.013379 -0.001126 0.999910 -0.002919 -0.000481 0.999996 
0.008347 -0.004226 0.999956 -0.000178 -0.002964 0.999996 -0.000846 -0.000281 1.000000 -0.002958 -0.005815 0.999979 0.013268 -0.001116 0.999911 -0.002654 -0.000438 0.999996 
0.008444 -0.004276 0.999955 -0.000164 -0.002732 0.999996 -0.000787 -0.000261 1.000000 -0.002897 -0.005695 0.999980 0.013261 -0.001116 0.999911 -0.002414 -0.000398 0.999997 
0.008567 -0.004338 0.999954 -0.000151 -0.002525 0.999997 -0.000681 -0.000226 1.000000 -0.002797 -0.005499 0.999981 0.013311 -0.001120 0.999911 -0.002194 -0.000362 0.999998 
0.008651 -0.004381 0.999953 -0.000140 -0.002335 0.999997 -0.000531 -0.000176 1.000000 -0.002711 -0.005330 0.999982 0.013423 -0.001129 0.999909 -0.001996 -0.000329 0.999998 
0.008733 -0.004423 0.999952 -0.000129 -0.002158 0.999998 -0.000370 -0.000123 1.000000 -0.002599 -0.005109 0.999984 0.013522 -0.001138 0.999908 -0.001813 -0.000299 0.999998 
0.008769 -0.004441 0.999952 -0.000120 -0.001996 0.999998 -0.000212 -0.000070 1.000000 -0.002525 -0.004963 0.999984 0.013631 -0.001147 0.999906 -0.001649 -0.000272 0.999999 
0.008811 -0.004463 0.999951 -0.000111 -0.001848 0.999998 -0.000054 -0.000018 1.000000 -0.002442 -0.004800 0.999985 0.013744 -0.001156 0.999905 -0.001500 -0.000247 0.999999 
0.008854 -0.004484 0.999951 -0.000103 -0.001715 0.999999 0.000090 0.000030 1.000000 -0.002367 -0.004652 0.999986 0.013850 -0.001165 0.999903 -0.001365 -0.000225 0.999999 
0.008893 -0.004504 0.999950 -0.000096 -0.001595 0.999999 0.000220 0.000073 1.000000 -0.002298 -0.004518 0.999987 0.013946 -0.001173 0.999902 -0.001243 -0.000205 0.999999 
0.008935 -0.004525 0.999950 -0.000076 -0.001270 0.999999 0.000345 0.000115 1.000000 -0.002238 -0.004399 0.999988 0.014506 -0.001220 0.999894 -0.001409 -0.000232 0.999999 
0.009035 -0.004576 0.999949 -0.000080 -0.001332 0.999999 0.000414 0.000138 1.000000 -0.002180 -0.004285 0.999988 0.014573 -0.001226 0.999893 -0.001379 -0.000227 0.999999 
0.009082 -0.004600 0.999948 -0.000074 -0.001243 0.999999 0.000493 0.000164 1.000000 -0.002149 -0.004224 0.999989 0.014627 -0.001230 0.999892 -0.001255 -0.000207 0.999999 
0.009127 -0.004623 0.999948 -0.000070 -0.001165 0.999999 0.000587 0.000195 1.000000 -0.002113 -0.004153 0.999989 0.014698 -0.001236 0.999891 -0.001141 -0.000188 0.999999 
0.009173 -0.004646 0.999947 -0.000065 -0.001091 0.999999 0.000677 0.000225 1.000000 -0.002075 -0.004078 0.999990 0.014772 -0.001242 0.999890 -0.001038 -0.000171 0.999999 
0.009215 -0.004667 0.999947 -0.000061 -0.001024 0.999999 0.000771 0.000256 1.000000 -0.002034 -0.003997 0.999990 0.014848 -0.001249 0.999889 -0.000944 -0.000156 1.000000 
0.009254 -0.004687 0.999946 -0.000058 -0.000966 1.000000 0.000856 0.000284 1.000000 -0.001996 -0.003924 0.999990 0.014919 -0.001255 0.999888 -0.000859 -0.000142 1.000000 
0.009290 -0.004705 0.999946 -0.000055 -0.000911 1.000000 0.000934 0.000310 1.000000 -0.001962 -0.003857 0.999991 0.014984 -0.001260 0.999887 -0.000782 -0.000129 1.000000 
0.009323 -0.004722 0.999945 -0.000052 -0.000867 1.000000 0.001001 0.000333 0.999999 -0.001933 -0.003800 0.999991 0.015041 -0.001265 0.999886 -0.000714 -0.000118 1.000000 
0.009333 -0.004727 0.999945 0.000008 0.000129 1.000000 0.001294 0.000430 0.999999 -0.001920 -0.003774 0.999991 0.017316 -0.001457 0.999849 -0.001743 -0.000288 0.999998 
0.009452 -0.004788 0.999944 0.000004 0.000075 1.000000 0.001274 0.000423 0.999999 -0.001945 -0.003823 0.999991 0.017236 -0.001450 0.999850 -0.001583 -0.000261 0.999999 
0.009604 -0.004865 0.999942 0.000001 0.000019 1.000000 0.001233 0.000410 0.999999 -0.001980 -0.003891 0.999990 0.017189 -0.001446 0.999851 -0.001439 -0.000237 0.999999 
0.009774 -0.004952 0.999940 -0.000002 -0.000036 1.000000 0.001194 0.000397 0.999999 -0.001991 -0.003912 0.999990 0.017143 -0.001442 0.999852 -0.001306 -0.000216 0.999999 
0.009895 -0.005013 0.999938 -0.000005 -0.000086 1.000000 0.001169 0.000388 0.999999 -0.002035 -0.003999 0.999990 0.017136 -0.001442 0.999852 -0.001190 -0.000196 0.999999 
0.010014 -0.005074 0.999937 -0.000008 -0.000127 1.000000 0.001175 0.000391 0.999999 -0.002064 -0.004056 0.999990 0.017173 -0.001445 0.999851 -0.001083 -0.000179 0.999999 
0.010122 -0.005128 0.999936 -0.000010 -0.000164 1.000000 0.001204 0.000400 0.999999 -0.002083 -0.004094 0.999989 0.017232 -0.001450 0.999850 -0.000986 -0.000163 1.000000 
