0.000608 0.000079 1.000000 0.000036 0.000039 1.000000 -0.000609 0.000776 1.000000 -0.000260 0.002469 0.999997 -0.000931 0.000831 0.999999 0.000116 -0.000134 1.000000 
0.000536 0.000069 1.000000 0.000096 0.000103 1.000000 -0.000539 0.000686 1.000000 -0.000234 0.002221 0.999998 -0.000912 0.000814 0.999999 0.000104 -0.000120 1.000000 
0.000465 0.000060 1.000000 0.000029 0.000031 1.000000 -0.000475 0.000605 1.000000 -0.000208 0.001977 0.999998 -0.000674 0.000601 1.000000 0.000083 -0.000096 1.000000 
0.000395 0.000051 1.000000 0.000025 0.000026 1.000000 -0.000431 0.000548 1.000000 -0.000190 0.001802 0.999998 -0.000605 0.000540 1.000000 0.000068 -0.000079 1.000000 
0.000326 0.000042 1.000000 0.000024 0.000025 1.000000 -0.000393 0.000500 1.000000 -0.000174 0.001653 0.999999 -0.000555 0.000496 1.000000 0.000054 -0.000062 1.000000 
0.000266 0.000034 1.000000 -0.000149 -0.000159 1.000000 -0.000488 0.000621 1.000000 -0.000161 0.001525 0.999999 -0.001361 0.001216 0.999998 0.000178 -0.000206 1.000000 
0.000228 0.000030 1.000000 -0.000212 -0.000226 1.000000 -0.000477 0.000607 1.000000 -0.000148 0.001404 0.999999 -0.001355 0.001211 0.999998 0.000183 -0.000212 1.000000 
-0.000956 -0.000124 1.000000 -0.000051 -0.000055 1.000000 -0.000413 0.000525 1.000000 -0.000265 0.002513 0.999997 -0.001264 0.001129 0.999999 0.000020 -0.000023 1.000000 
-0.000859 -0.000111 1.000000 -0.000030 -0.000032 1.000000 -0.000420 0.000534 1.000000 -0.000242 0.002297 0.999997 -0.001538 0.001371 0.999998 0.000061 -0.000070 1.000000 
-0.000767 -0.000099 1.000000 0.000079 0.000085 1.000000 -0.000352 0.000447 1.000000 -0.000222 0.002107 0.999998 -0.001317 0.001171 0.999998 0.000033 -0.000038 1.000000 
-0.000678 -0.000088 1.000000 0.000548 0.000589 1.000000 -0.000283 0.000359 1.000000 -0.000204 0.001941 0.999998 -0.001444 0.001280 0.999998 -0.000063 0.000073 1.000000 
-0.000598 -0.000078 1.000000 0.000928 0.001001 0.999999 -0.000263 0.000334 1.000000 -0.000190 0.001806 0.999998 -0.001234 0.001090 0.999999 -0.000269 0.000311 1.000000 
-0.000514 -0.000067 1.000000 0.001685 0.001823 0.999997 -0.000228 0.000289 1.000000 -0.000181 0.001721 0.999999 -0.000868 0.000764 0.999999 -0.000657 0.000759 0.999999 
-0.000416 -0.000054 1.000000 0.002775 0.003009 0.999992 -0.000212 0.000269 1.000000 -0.000185 0.001759 0.999998 -0.000665 0.000584 1.000000 -0.001150 0.001328 0.999998 
-0.000275 -0.000035 1.000000 0.004144 0.004501 0.999981 -0.000208 0.000263 1.000000 -0.000206 0.001970 0.999998 -0.000538 0.000472 1.000000 -0.001718 0.001984 0.999997 
0.000503 0.000064 1.000000 0.005705 0.006196 0.999965 -0.000249 0.000315 1.000000 -0.000284 0.002747 0.999996 -0.000646 0.000566 1.000000 -0.002057 0.002376 0.999995 
0.001989 0.000252 0.999998 0.007935 0.008614 0.999931 -0.000258 0.000326 1.000000 -0.000423 0.004127 0.999991 -0.001546 0.001357 0.999998 -0.002111 0.002438 0.999995 
0.004487 0.000566 0.999990 0.010222 0.011099 0.999886 -0.000274 0.000347 1.000000 -0.000613 0.006021 0.999982 -0.001361 0.001194 0.999998 -0.002071 0.002391 0.999995 
0.007986 0.001004 0.999968 0.012933 0.014049 0.999818 -0.000269 0.000340 1.000000 -0.000840 0.008280 0.999965 -0.001006 0.000882 0.999999 -0.001857 0.002144 0.999996 
0.012430 0.001556 0.999922 0.015974 0.017355 0.999722 -0.000277 0.000350 1.000000 -0.001098 0.010882 0.999940 -0.000543 0.000476 1.000000 -0.001477 0.001705 0.999997 
0.017683 0.002202 0.999841 0.019507 0.021204 0.999585 -0.000227 0.000287 1.000000 -0.001387 0.013806 0.999904 0.000422 -0.000370 1.000000 -0.001064 0.001228 0.999999 
0.023926 0.002962 0.999709 0.023495 0.025536 0.999398 -0.000168 0.000212 1.000000 -0.001709 0.017114 0.999852 0.001620 -0.001420 0.999998 -0.000523 0.000603 1.000000 
0.029173 0.003623 0.999568 0.028244 0.030687 0.999130 -0.000161 0.000204 1.000000 -0.002097 0.020879 0.999780 0.002208 -0.001936 0.999996 -0.000453 0.000523 1.000000 
0.032797 0.004128 0.999454 0.033293 0.036220 0.998789 -0.000175 0.000222 1.000000 -0.002535 0.024781 0.999690 0.002344 -0.002053 0.999995 -0.000917 0.001058 0.999999 
0.034385 0.004399 0.999399 0.038183 0.041647 0.998403 -0.000228 0.000288 1.000000 -0.003003 0.028726 0.999583 0.001861 -0.001626 0.999997 -0.001834 0.002117 0.999996 
0.034463 0.004478 0.999396 0.042936 0.046977 0.997973 -0.000342 0.000433 1.000000 -0.003416 0.032031 0.999481 0.000976 -0.000850 0.999999 -0.003275 0.003779 0.999987 
0.033612 0.004457 0.999425 0.047589 0.052296 0.997497 -0.000530 0.000670 1.000000 -0.003802 0.034757 0.999389 -0.000099 0.000085 1.000000 -0.005143 0.005933 0.999969 
0.032108 0.004363 0.999475 0.052121 0.057605 0.996978 -0.000725 0.000914 0.999999 -0.004211 0.037381 0.999292 -0.001219 0.001050 0.999999 -0.007207 0.008309 0.999940 
0.030343 0.004231 0.999531 0.056430 0.062749 0.996433 -0.000915 0.001153 0.999999 -0.004611 0.039683 0.999202 -0.002319 0.001985 0.999995 -0.009337 0.010759 0.999899 
0.028341 0.004057 0.999590 0.060417 0.067609 0.995881 -0.001068 0.001344 0.999999 -0.004979 0.041546 0.999124 -0.003096 0.002633 0.999992 -0.011539 0.013280 0.999845 
0.026389 0.003880 0.999644 0.063785 0.071849 0.995374 -0.001191 0.001495 0.999998 -0.005316 0.042980 0.999062 -0.003626 0.003063 0.999989 -0.013570 0.015601 0.999786 
0.024417 0.003677 0.999695 0.066459 0.075319 0.994942 -0.001371 0.001719 0.999998 -0.005630 0.044276 0.999003 -0.004462 0.003744 0.999983 -0.015314 0.017588 0.999728 
0.022678 0.003485 0.999737 0.068533 0.078075 0.994589 -0.001516 0.001898 0.999997 -0.005883 0.045204 0.998960 -0.005134 0.004285 0.999978 -0.016767 0.019240 0.999674 
0.021132 0.003297 0.999771 0.069875 0.079934 0.994348 -0.001627 0.002035 0.999997 -0.006050 0.045687 0.998937 -0.005658 0.004702 0.999973 -0.017882 0.020507 0.999630 
0.019753 0.003113 0.999800 0.070399 0.080773 0.994243 -0.001705 0.002130 0.999996 -0.006118 0.045683 0.998937 -0.006035 0.005000 0.999969 -0.018629 0.021354 0.999598 
0.018480 0.002927 0.999825 0.070036 0.080476 0.994293 -0.001747 0.002182 0.999996 -0.006084 0.045182 0.998960 -0.006266 0.005183 0.999967 -0.018984 0.021758 0.999583 
0.017152 0.002718 0.999849 0.068929 0.079203 0.994473 -0.001741 0.002175 0.999996 -0.005953 0.044211 0.999004 -0.006276 0.005191 0.999967 -0.019061 0.021849 0.999580 
0.015719 0.002483 0.999873 0.067238 0.077167 0.994748 -0.001737 0.002171 0.999996 -0.005738 0.042806 0.999067 -0.006312 0.005227 0.999966 -0.018954 0.021732 0.999584 
0.014031 0.002204 0.999899 0.064992 0.074460 0.995104 -0.001711 0.002138 0.999996 -0.005451 0.040956 0.999146 -0.006247 0.005184 0.999967 -0.018739 0.021495 0.999593 
0.012042 0.001878 0.999926 0.062230 0.071141 0.995523 -0.001656 0.002071 0.999996 -0.005100 0.038674 0.999239 -0.006057 0.005037 0.999969 -0.018451 0.021174 0.999606 
0.009715 0.001502 0.999952 0.058986 0.067262 0.995990 -0.001584 0.001982 0.999997 -0.004694 0.035987 0.999341 -0.005792 0.004830 0.999972 -0.018117 0.020802 0.999619 
0.007087 0.001087 0.999974 0.055361 0.062959 0.996479 -0.001487 0.001863 0.999997 -0.004249 0.032928 0.999449 -0.005443 0.004552 0.999975 -0.017765 0.020410 0.999634 
0.004488 0.000683 0.999990 0.051401 0.058294 0.996975 -0.001386 0.001738 0.999998 -0.003775 0.029541 0.999556 -0.005086 0.004266 0.999978 -0.017315 0.019904 0.999652 
0.001657 0.000250 0.999999 0.046989 0.053141 0.997481 -0.001309 0.001642 0.999998 -0.003269 0.025825 0.999661 -0.004860 0.004089 0.999980 -0.016793 0.019316 0.999672 
0.000283 0.000043 1.000000 0.042257 0.047655 0.997970 -0.001272 0.001597 0.999998 -0.002747 0.021809 0.999758 -0.004861 0.004102 0.999980 -0.015729 0.018104 0.999712 
0.000229 0.000034 1.000000 0.037433 0.042118 0.998411 -0.001213 0.001524 0.999998 -0.002189 0.017383 0.999847 -0.004712 0.003986 0.999981 -0.014314 0.016486 0.999762 
0.000161 0.000024 1.000000 0.032279 0.036224 0.998822 -0.001092 0.001373 0.999998 -0.001569 0.012461 0.999921 -0.004270 0.003623 0.999984 -0.012848 0.014807 0.999808 
0.000101 0.000015 1.000000 0.026807 0.030005 0.999190 -0.000881 0.001109 0.999999 -0.000893 0.007092 0.999974 -0.003414 0.002904 0.999990 -0.011317 0.013050 0.999851 
0.000030 0.000005 1.000000 0.021081 0.023527 0.999501 -0.000539 0.000678 1.000000 -0.000184 0.001462 0.999999 -0.001952 0.001665 0.999997 -0.009716 0.011207 0.999890 
-0.000000 -0.000000 1.000000 0.015208 0.016919 0.999741 -0.000367 0.000462 1.000000 -0.000026 0.000204 1.000000 -0.001536 0.001315 0.999998 -0.007115 0.008206 0.999941 
-0.000006 -0.000001 1.000000 0.009412 0.010431 0.999901 -0.000262 0.000330 1.000000 -0.000019 0.000151 1.000000 -0.001137 0.000977 0.999999 -0.004391 0.005063 0.999978 
0.000062 0.000009 1.000000 0.003582 0.003955 0.999986 -0.000157 0.000198 1.000000 -0.000006 0.000051 1.000000 -0.000713 0.000616 1.000000 -0.001651 0.001904 0.999997 
0.000679 0.000102 1.000000 -0.000126 -0.000139 1.000000 -0.000167 0.000211 1.000000 0.000108 -0.000862 1.000000 -0.000180 0.000156 1.000000 -0.000072 0.000083 1.000000 
0.000585 0.000088 1.000000 -0.000152 -0.000166 1.000000 -0.000160 0.000201 1.000000 0.000103 -0.000819 1.000000 -0.000247 0.000215 1.000000 -0.000054 0.000062 1.000000 
-0.004756 -0.000708 0.999988 -0.000140 -0.000153 1.000000 0.000490 -0.000619 1.000000 0.000622 -0.004999 0.999987 -0.000370 0.000324 1.000000 -0.001691 0.001950 0.999997 
-0.004320 -0.000643 0.999990 -0.000410 -0.000443 1.000000 0.000323 -0.000409 1.000000 0.000571 -0.004588 0.999989 -0.000496 0.000438 1.000000 -0.001533 0.001768 0.999997 
-0.006095 -0.000904 0.999981 -0.002020 -0.002168 0.999996 -0.000071 0.000090 1.000000 0.000898 -0.007248 0.999973 -0.000958 0.000850 0.999999 -0.002281 0.002635 0.999994 
-0.008879 -0.001312 0.999960 -0.004178 -0.004470 0.999981 -0.000617 0.000784 1.000000 0.001277 -0.010350 0.999946 -0.002007 0.001787 0.999996 -0.003232 0.003738 0.999988 
-0.010005 -0.001477 0.999949 -0.006611 -0.007053 0.999953 -0.001652 0.002102 0.999996 0.001178 -0.009564 0.999954 -0.003303 0.002950 0.999990 -0.003351 0.003878 0.999987 
-0.009069 -0.001339 0.999958 -0.008541 -0.009083 0.999922 -0.002709 0.003449 0.999990 0.001070 -0.008683 0.999962 -0.004722 0.004231 0.999980 -0.003037 0.003514 0.999989 
-0.009538 -0.001407 0.999954 -0.009972 -0.010569 0.999894 -0.003356 0.004276 0.999985 0.001136 -0.009229 0.999957 -0.006009 0.005404 0.999967 -0.003169 0.003668 0.999988 
-0.008652 -0.001277 0.999962 -0.010910 -0.011527 0.999874 -0.003987 0.005083 0.999979 0.001032 -0.008383 0.999964 -0.007031 0.006343 0.999955 -0.002874 0.003327 0.999990 
-0.007850 -0.001158 0.999969 -0.011479 -0.012102 0.999861 -0.004405 0.005619 0.999975 0.000938 -0.007620 0.999971 -0.007665 0.006930 0.999947 -0.002608 0.003019 0.999992 
-0.007122 -0.001051 0.999974 -0.011599 -0.012222 0.999858 -0.004570 0.005830 0.999973 0.000853 -0.006929 0.999976 -0.007828 0.007081 0.999944 -0.002366 0.002739 0.999993 
-0.005461 -0.000806 0.999985 -0.011020 -0.011611 0.999872 -0.004458 0.005686 0.999974 0.000925 -0.007510 0.999971 -0.007638 0.006910 0.999947 -0.002124 0.002459 0.999995 
-0.004951 -0.000731 0.999987 -0.009789 -0.010321 0.999899 -0.004025 0.005133 0.999979 0.000840 -0.006823 0.999976 -0.007182 0.006493 0.999953 -0.001927 0.002231 0.999996 
-0.004484 -0.000662 0.999990 -0.008101 -0.008551 0.999931 -0.003387 0.004319 0.999985 0.000761 -0.006177 0.999981 -0.006498 0.005867 0.999962 -0.001746 0.002021 0.999996 
-0.003158 -0.000467 0.999995 -0.006059 -0.006403 0.999961 -0.002614 0.003331 0.999991 0.000813 -0.006598 0.999978 -0.005593 0.005043 0.999972 -0.001547 0.001791 0.999997 
-0.002851 -0.000421 0.999996 -0.003608 -0.003819 0.999986 -0.001611 0.002052 0.999997 0.000733 -0.005949 0.999982 -0.004454 0.004009 0.999982 -0.001400 0.001619 0.999998 
-0.001661 -0.000246 0.999999 -0.000931 -0.000988 0.999999 -0.000569 0.000725 1.000000 0.000758 -0.006144 0.999981 -0.003163 0.002841 0.999991 -0.001237 0.001431 0.999998 
-0.001618 -0.000239 0.999999 -0.000103 -0.000110 1.000000 -0.000120 0.000153 1.000000 0.000665 -0.005395 0.999985 -0.002104 0.001888 0.999996 -0.001135 0.001313 0.999998 
-0.001442 -0.000213 0.999999 -0.000073 -0.000078 1.000000 -0.000001 0.000001 1.000000 0.000599 -0.004857 0.999988 -0.001362 0.001222 0.999998 -0.001025 0.001186 0.999999 
-0.003944 -0.000579 0.999992 -0.000050 -0.000053 1.000000 -0.000122 0.000156 1.000000 0.000115 -0.000942 1.000000 -0.001069 0.000958 0.999999 -0.001278 0.001478 0.999998 
-0.003469 -0.000506 0.999994 -0.000020 -0.000021 1.000000 -0.000155 0.000198 1.000000 0.000057 -0.000471 1.000000 -0.000998 0.000894 0.999999 -0.001110 0.001284 0.999999 
-0.003059 -0.000444 0.999995 -0.000003 -0.000004 1.000000 -0.000199 0.000253 1.000000 0.000047 -0.000391 1.000000 -0.001154 0.001031 0.999999 -0.000989 0.001144 0.999999 
-0.002762 -0.000401 0.999996 0.000039 0.000042 1.000000 -0.000267 0.000340 1.000000 0.000041 -0.000342 1.000000 -0.001473 0.001308 0.999998 -0.000911 0.001054 0.999999 
-0.002493 -0.000362 0.999997 0.000679 0.000732 1.000000 -0.000329 0.000418 1.000000 0.000036 -0.000297 1.000000 -0.001746 0.001543 0.999997 -0.001118 0.001292 0.999999 
-0.002251 -0.000327 0.999997 0.001862 0.002012 0.999996 -0.000372 0.000472 1.000000 0.000030 -0.000249 1.000000 -0.001912 0.001686 0.999997 -0.001584 0.001830 0.999997 
-0.002029 -0.000295 0.999998 0.003385 0.003661 0.999988 -0.000418 0.000530 1.000000 0.000024 -0.000199 1.000000 -0.002077 0.001829 0.999996 -0.002213 0.002558 0.999994 
-0.001827 -0.000265 0.999998 0.004792 0.005189 0.999975 -0.000458 0.000581 1.000000 0.000018 -0.000150 1.000000 -0.002218 0.001951 0.999996 -0.002797 0.003232 0.999991 
-0.000343 -0.000050 1.000000 0.005829 0.006319 0.999963 -0.000770 0.000975 0.999999 -0.000099 0.000824 1.000000 -0.002400 0.002109 0.999995 -0.002975 0.003436 0.999990 
-0.000305 -0.000044 1.000000 0.006609 0.007168 0.999952 -0.000756 0.000957 0.999999 -0.000091 0.000758 1.000000 -0.002428 0.002133 0.999995 -0.003306 0.003817 0.999987 
-0.000268 -0.000039 1.000000 0.007066 0.007667 0.999946 -0.000737 0.000932 0.999999 -0.000084 0.000697 1.000000 -0.002426 0.002130 0.999995 -0.003490 0.004030 0.999986 
-0.000237 -0.000034 1.000000 0.007209 0.007823 0.999943 -0.000713 0.000902 0.999999 -0.000078 0.000646 1.000000 -0.002401 0.002108 0.999995 -0.003531 0.004078 0.999985 
-0.000214 -0.000031 1.000000 0.007153 0.007763 0.999944 -0.000684 0.000866 0.999999 -0.000069 0.000573 1.000000 -0.002360 0.002071 0.999995 -0.003486 0.004026 0.999986 
-0.000194 -0.000028 1.000000 0.007020 0.007619 0.999946 -0.000658 0.000833 0.999999 -0.000060 0.000497 1.000000 -0.002325 0.002041 0.999995 -0.003409 0.003937 0.999986 
-0.000173 -0.000025 1.000000 0.006814 0.007395 0.999949 -0.000633 0.000802 0.999999 -0.000052 0.000430 1.000000 -0.002289 0.002009 0.999995 -0.003299 0.003810 0.999987 
-0.000156 -0.000023 1.000000 0.006542 0.007098 0.999953 -0.000609 0.000771 1.000000 -0.000044 0.000362 1.000000 -0.002251 0.001976 0.999996 -0.003161 0.003650 0.999988 
-0.000141 -0.000020 1.000000 0.006210 0.006738 0.999958 -0.000585 0.000740 1.000000 -0.000036 0.000303 1.000000 -0.002208 0.001938 0.999996 -0.002997 0.003461 0.999990 
-0.000126 -0.000018 1.000000 0.005829 0.006324 0.999963 -0.000560 0.000709 1.000000 -0.000030 0.000246 1.000000 -0.002156 0.001893 0.999996 -0.002811 0.003246 0.999991 
-0.000114 -0.000017 1.000000 0.005401 0.005858 0.999968 -0.000533 0.000675 1.000000 -0.000024 0.000198 1.000000 -0.002091 0.001837 0.999996 -0.002604 0.003007 0.999992 
-0.001424 -0.000206 0.999999 0.004909 0.005325 0.999974 -0.000699 0.000885 0.999999 -0.000249 0.002074 0.999998 -0.002098 0.001843 0.999996 -0.002632 0.003039 0.999992 
-0.001274 -0.000184 0.999999 0.004388 0.004758 0.999979 -0.000656 0.000830 0.999999 -0.000216 0.001802 0.999998 -0.002030 0.001783 0.999996 -0.002363 0.002729 0.999993 
-0.001142 -0.000165 0.999999 0.003827 0.004149 0.999984 -0.000612 0.000774 1.000000 -0.000187 0.001558 0.999999 -0.001949 0.001713 0.999997 -0.002079 0.002400 0.999995 
-0.001003 -0.000145 0.999999 0.003239 0.003510 0.999989 -0.000581 0.000735 1.000000 -0.000163 0.001359 0.999999 -0.001908 0.001677 0.999997 -0.001777 0.002052 0.999996 
-0.000908 -0.000131 1.000000 0.002658 0.002880 0.999992 -0.000542 0.000686 1.000000 -0.000143 0.001191 0.999999 -0.001829 0.001609 0.999997 -0.001486 0.001716 0.999997 
0.001223 0.000177 0.999999 0.002065 0.002237 0.999995 -0.000767 0.000970 0.999999 -0.000028 0.000230 1.000000 -0.001858 0.001634 0.999997 -0.001030 0.001189 0.999999 
0.001096 0.000158 0.999999 0.001560 0.001689 0.999997 -0.000693 0.000877 0.999999 -0.000020 0.000166 1.000000 -0.001708 0.001502 0.999997 -0.000796 0.000918 0.999999 
0.000981 0.000142 1.000000 0.001054 0.001140 0.999999 -0.000633 0.000801 0.999999 -0.000011 0.000094 1.000000 -0.001608 0.001415 0.999998 -0.000563 0.000650 1.000000 
0.000948 0.000137 1.000000 0.000541 0.000586 1.000000 -0.000603 0.000762 1.000000 -0.000022 0.000186 1.000000 -0.001539 0.001355 0.999998 -0.000300 0.000346 1.000000 
0.000845 0.000122 1.000000 0.000102 0.000110 1.000000 -0.000548 0.000694 1.000000 -0.000014 0.000116 1.000000 -0.001444 0.001272 0.999998 -0.000100 0.000116 1.000000 
0.000750 0.000108 1.000000 0.000409 0.000442 1.000000 -0.000379 0.000480 1.000000 0.000174 -0.001458 0.999999 -0.001961 0.001727 0.999997 -0.000225 0.000259 1.000000 
0.000298 0.000043 1.000000 0.000366 0.000396 1.000000 -0.000532 0.000673 1.000000 0.000061 -0.000509 1.000000 -0.002055 0.001810 0.999996 -0.000333 0.000384 1.000000 
0.000257 0.000037 1.000000 0.000335 0.000363 1.000000 -0.000527 0.000667 1.000000 0.000057 -0.000479 1.000000 -0.002106 0.001855 0.999996 -0.000306 0.000353 1.000000 
0.000226 0.000033 1.000000 0.000307 0.000332 1.000000 -0.000514 0.000650 1.000000 0.000054 -0.000455 1.000000 -0.002100 0.001850 0.999996 -0.000282 0.000325 1.000000 
0.000687 0.000099 1.000000 0.000292 0.000316 1.000000 -0.000544 0.000689 1.000000 0.000113 -0.000946 1.000000 -0.002193 0.001932 0.999996 -0.000245 0.000282 1.000000 
0.000619 0.000089 1.000000 0.000263 0.000284 1.000000 -0.000537 0.000679 1.000000 0.000104 -0.000873 1.000000 -0.002209 0.001945 0.999996 -0.000224 0.000258 1.000000 
0.000558 0.000080 1.000000 0.000234 0.000253 1.000000 -0.000529 0.000670 1.000000 0.000097 -0.000811 1.000000 -0.002221 0.001956 0.999996 -0.000205 0.000237 1.000000 
0.000502 0.000072 1.000000 0.000209 0.000226 1.000000 -0.000523 0.000662 1.000000 0.000090 -0.000753 1.000000 -0.002233 0.001966 0.999996 -0.000188 0.000217 1.000000 
0.000462 0.000066 1.000000 0.000172 0.000186 1.000000 -0.000504 0.000638 1.000000 0.000340 -0.002851 0.999996 -0.002300 0.002025 0.999995 -0.000557 0.000643 1.000000 
0.000413 0.000059 1.000000 0.000159 0.000172 1.000000 -0.000501 0.000634 1.000000 0.000310 -0.002599 0.999997 -0.002311 0.002035 0.999995 -0.000509 0.000588 1.000000 
0.000370 0.000053 1.000000 0.000147 0.000159 1.000000 -0.000498 0.000630 1.000000 0.000283 -0.002370 0.999997 -0.002320 0.002043 0.999995 -0.000465 0.000537 1.000000 
-0.002255 -0.000323 0.999997 0.000426 0.000460 1.000000 -0.000165 0.000209 1.000000 0.000519 -0.004366 0.999990 -0.002867 0.002526 0.999993 -0.001225 0.001415 0.999998 
-0.003272 -0.000468 0.999995 0.000388 0.000420 1.000000 -0.000203 0.000257 1.000000 0.000400 -0.003370 0.999994 -0.002998 0.002641 0.999992 -0.001341 0.001549 0.999998 
-0.002935 -0.000420 0.999996 0.000356 0.000385 1.000000 -0.000246 0.000312 1.000000 0.000360 -0.003037 0.999995 -0.002990 0.002634 0.999992 -0.001215 0.001404 0.999998 
-0.000636 -0.000091 1.000000 0.000318 0.000344 1.000000 -0.000397 0.000503 1.000000 0.000567 -0.004771 0.999988 -0.002971 0.002617 0.999992 -0.001029 0.001188 0.999999 
-0.000572 -0.000082 1.000000 0.000296 0.000320 1.000000 -0.000414 0.000524 1.000000 0.000516 -0.004345 0.999990 -0.002965 0.002612 0.999992 -0.000938 0.001083 0.999999 
-0.000515 -0.000074 1.000000 0.000276 0.000299 1.000000 -0.000430 0.000544 1.000000 0.000469 -0.003952 0.999992 -0.002962 0.002609 0.999992 -0.000855 0.000988 0.999999 
-0.000463 -0.000066 1.000000 0.000265 0.000286 1.000000 -0.000444 0.000562 1.000000 0.000427 -0.003593 0.999993 -0.002955 0.002603 0.999992 -0.000783 0.000904 0.999999 
0.000083 0.000012 1.000000 0.000518 0.000560 1.000000 -0.000514 0.000651 1.000000 0.000411 -0.003458 0.999994 -0.003399 0.002996 0.999990 -0.000677 0.000782 0.999999 
0.001023 0.000147 0.999999 0.000471 0.000509 1.000000 -0.000574 0.000726 1.000000 0.000515 -0.004331 0.999990 -0.003438 0.003030 0.999990 -0.000604 0.000698 1.000000 
-0.002589 -0.000369 0.999997 0.000640 0.000692 1.000000 -0.000308 0.000390 1.000000 0.000724 -0.006124 0.999981 -0.003979 0.003508 0.999986 -0.001667 0.001926 0.999997 
-0.002343 -0.000334 0.999997 0.000584 0.000632 1.000000 -0.000375 0.000475 1.000000 0.000656 -0.005547 0.999984 -0.004075 0.003593 0.999985 -0.001514 0.001749 0.999997 
-0.001684 -0.000240 0.999999 0.000517 0.000559 1.000000 -0.000506 0.000642 1.000000 0.000560 -0.004745 0.999989 -0.004085 0.003601 0.999985 -0.001290 0.001490 0.999998 
-0.001523 -0.000217 0.999999 0.000473 0.000512 1.000000 -0.000532 0.000674 1.000000 0.000509 -0.004309 0.999991 -0.004065 0.003584 0.999985 -0.001173 0.001355 0.999998 
-0.001377 -0.000196 0.999999 0.000435 0.000470 1.000000 -0.000555 0.000703 1.000000 0.000463 -0.003917 0.999992 -0.004047 0.003568 0.999985 -0.001067 0.001233 0.999999 
-0.001245 -0.000178 0.999999 0.000400 0.000433 1.000000 -0.000577 0.000731 1.000000 0.000420 -0.003559 0.999994 -0.004034 0.003556 0.999986 -0.000971 0.001122 0.999999 
-0.001124 -0.000160 0.999999 0.000359 0.000388 1.000000 -0.000601 0.000762 1.000000 0.000383 -0.003240 0.999995 -0.004052 0.003573 0.999985 -0.000880 0.001016 0.999999 
-0.001015 -0.000145 0.999999 0.000333 0.000359 1.000000 -0.000618 0.000783 1.000000 0.000349 -0.002956 0.999996 -0.004040 0.003562 0.999985 -0.000803 0.000928 0.999999 
-0.000916 -0.000131 1.000000 0.000292 0.000316 1.000000 -0.000644 0.000816 0.999999 0.000319 -0.002699 0.999996 -0.004092 0.003608 0.999985 -0.000724 0.000836 0.999999 
-0.000828 -0.000118 1.000000 0.000288 0.000311 1.000000 -0.000658 0.000834 0.999999 0.000291 -0.002464 0.999997 -0.004082 0.003600 0.999985 -0.000669 0.000773 0.999999 
-0.000747 -0.000107 1.000000 0.000316 0.000341 1.000000 -0.000672 0.000851 0.999999 0.000266 -0.002255 0.999997 -0.004076 0.003594 0.999985 -0.000634 0.000733 1.000000 
-0.000672 -0.000096 1.000000 0.000375 0.000405 1.000000 -0.000684 0.000867 0.999999 0.000243 -0.002057 0.999998 -0.004073 0.003592 0.999985 -0.000616 0.000712 1.000000 
-0.000602 -0.000086 1.000000 0.000438 0.000473 1.000000 -0.000697 0.000883 0.999999 0.000222 -0.001882 0.999998 -0.004073 0.003592 0.999985 -0.000604 0.000698 1.000000 
-0.000538 -0.000077 1.000000 0.000501 0.000541 1.000000 -0.000708 0.000898 0.999999 0.000203 -0.001722 0.999998 -0.004076 0.003594 0.999985 -0.000596 0.000688 1.000000 
0.001469 0.000210 0.999999 0.000437 0.000472 1.000000 -0.001115 0.001412 0.999998 0.000029 -0.000245 1.000000 -0.004081 0.003600 0.999985 -0.000183 0.000211 1.000000 
0.001317 0.000188 0.999999 0.000399 0.000431 1.000000 -0.001093 0.001384 0.999998 0.000031 -0.000259 1.000000 -0.004126 0.003639 0.999985 -0.000175 0.000201 1.000000 
0.001358 0.000194 0.999999 0.000307 0.000332 1.000000 -0.001095 0.001387 0.999998 0.000041 -0.000344 1.000000 -0.004178 0.003684 0.999984 -0.000126 0.000146 1.000000 
0.001583 0.000226 0.999999 0.000204 0.000220 1.000000 -0.001097 0.001389 0.999998 0.000091 -0.000767 1.000000 -0.004215 0.003717 0.999984 -0.000087 0.000100 1.000000 
0.001361 0.000194 0.999999 0.000154 0.000166 1.000000 -0.001260 0.001595 0.999998 -0.000034 0.000284 1.000000 -0.004263 0.003759 0.999984 -0.000125 0.000145 1.000000 
0.001228 0.000175 0.999999 0.000125 0.000136 1.000000 -0.001220 0.001544 0.999998 -0.000026 0.000220 1.000000 -0.004257 0.003754 0.999984 -0.000115 0.000133 1.000000 
-0.000607 -0.000086 1.000000 0.000064 0.000069 1.000000 -0.001154 0.001461 0.999998 -0.000124 0.001052 0.999999 -0.004343 0.003830 0.999983 -0.000384 0.000443 1.000000 
-0.000554 -0.000079 1.000000 0.000056 0.000060 1.000000 -0.001116 0.001413 0.999998 -0.000110 0.000931 1.000000 -0.004299 0.003791 0.999984 -0.000350 0.000404 1.000000 
0.001382 0.000197 0.999999 0.000062 0.000067 1.000000 -0.001459 0.001845 0.999997 -0.000246 0.002087 0.999998 -0.004244 0.003743 0.999984 0.000015 -0.000017 1.000000 
0.001247 0.000178 0.999999 0.000050 0.000054 1.000000 -0.001395 0.001764 0.999997 -0.000219 0.001855 0.999998 -0.004218 0.003720 0.999984 0.000010 -0.000011 1.000000 
0.001123 0.000160 0.999999 0.000033 0.000035 1.000000 -0.001339 0.001694 0.999998 -0.000194 0.001646 0.999999 -0.004204 0.003707 0.999984 0.000007 -0.000008 1.000000 
0.002741 0.000391 0.999996 0.000046 0.000049 1.000000 -0.001790 0.002263 0.999996 -0.000445 0.003768 0.999993 -0.004850 0.004277 0.999979 0.000504 -0.000581 1.000000 
0.000257 0.000037 1.000000 0.000020 0.000022 1.000000 -0.001633 0.002065 0.999997 -0.000493 0.004194 0.999991 -0.004880 0.004304 0.999979 0.000040 -0.000046 1.000000 
0.000225 0.000032 1.000000 0.000015 0.000016 1.000000 -0.001565 0.001979 0.999997 -0.000442 0.003756 0.999993 -0.004860 0.004286 0.999979 0.000030 -0.000035 1.000000 
0.000196 0.000028 1.000000 0.000008 0.000008 1.000000 -0.001504 0.001901 0.999997 -0.000395 0.003359 0.999994 -0.004839 0.004268 0.999979 0.000021 -0.000024 1.000000 
0.000436 0.000062 1.000000 -0.000020 -0.000021 1.000000 -0.001468 0.001856 0.999997 -0.000320 0.002720 0.999996 -0.004839 0.004267 0.999979 0.000028 -0.000032 1.000000 
0.000400 0.000057 1.000000 -0.000026 -0.000028 1.000000 -0.001431 0.001809 0.999997 -0.000298 0.002540 0.999997 -0.004841 0.004269 0.999979 0.000034 -0.000039 1.000000 
0.000360 0.000051 1.000000 -0.000027 -0.000029 1.000000 -0.001384 0.001750 0.999998 -0.000266 0.002262 0.999997 -0.004835 0.004264 0.999979 0.000026 -0.000030 1.000000 
0.000321 0.000046 1.000000 -0.000027 -0.000029 1.000000 -0.001341 0.001695 0.999998 -0.000236 0.002013 0.999998 -0.004828 0.004257 0.999979 0.000019 -0.000022 1.000000 
-0.000720 -0.000102 1.000000 -0.000035 -0.000037 1.000000 -0.001161 0.001468 0.999998 -0.000104 0.000884 1.000000 -0.004845 0.004273 0.999979 -0.000285 0.000328 1.000000 
-0.000898 -0.000127 1.000000 -0.000034 -0.000037 1.000000 -0.001097 0.001387 0.999998 -0.000060 0.000507 1.000000 -0.004822 0.004252 0.999979 -0.000337 0.000389 1.000000 
-0.000816 -0.000116 1.000000 -0.000018 -0.000020 1.000000 -0.001073 0.001357 0.999999 -0.000052 0.000447 1.000000 -0.004783 0.004218 0.999980 -0.000310 0.000357 1.000000 
-0.000740 -0.000105 1.000000 -0.000012 -0.000012 1.000000 -0.001055 0.001334 0.999999 -0.000046 0.000396 1.000000 -0.004750 0.004189 0.999980 -0.000284 0.000327 1.000000 
-0.000356 -0.000050 1.000000 -0.000020 -0.000021 1.000000 -0.001076 0.001361 0.999998 -0.000026 0.000222 1.000000 -0.004731 0.004173 0.999980 -0.000228 0.000262 1.000000 
-0.000323 -0.000046 1.000000 -0.000014 -0.000015 1.000000 -0.001058 0.001338 0.999999 -0.000022 0.000189 1.000000 -0.004707 0.004151 0.999980 -0.000209 0.000241 1.000000 
-0.000293 -0.000042 1.000000 -0.000008 -0.000009 1.000000 -0.001042 0.001317 0.999999 -0.000019 0.000162 1.000000 -0.004684 0.004131 0.999980 -0.000193 0.000222 1.000000 
0.001566 0.000222 0.999999 -0.000018 -0.000020 1.000000 -0.001399 0.001768 0.999997 -0.000159 0.001359 0.999999 -0.004655 0.004106 0.999981 0.000152 -0.000175 1.000000 
0.001404 0.000199 0.999999 -0.000026 -0.000028 1.000000 -0.001351 0.001708 0.999998 -0.000138 0.001178 0.999999 -0.004644 0.004096 0.999981 0.000129 -0.000148 1.000000 
0.000776 0.000110 1.000000 0.000157 0.000169 1.000000 -0.001657 0.002093 0.999996 -0.000378 0.003238 0.999995 -0.005079 0.004480 0.999977 -0.000027 0.000031 1.000000 
-0.000130 -0.000018 1.000000 0.000141 0.000152 1.000000 -0.001518 0.001918 0.999997 -0.000300 0.002570 0.999997 -0.005103 0.004502 0.999977 -0.000246 0.000283 1.000000 
-0.000021 -0.000003 1.000000 0.000113 0.000122 1.000000 -0.001470 0.001857 0.999997 -0.000251 0.002153 0.999998 -0.005091 0.004491 0.999977 -0.000222 0.000256 1.000000 
-0.000017 -0.000002 1.000000 0.000098 0.000106 1.000000 -0.001419 0.001793 0.999997 -0.000224 0.001919 0.999998 -0.005052 0.004457 0.999977 -0.000204 0.000234 1.000000 
-0.000014 -0.000002 1.000000 0.000084 0.000091 1.000000 -0.001373 0.001734 0.999998 -0.000199 0.001706 0.999999 -0.005017 0.004426 0.999978 -0.000187 0.000215 1.000000 
-0.000012 -0.000002 1.000000 0.000069 0.000075 1.000000 -0.001331 0.001681 0.999998 -0.000176 0.001510 0.999999 -0.004985 0.004398 0.999978 -0.000172 0.000198 1.000000 
-0.002822 -0.000397 0.999996 0.000021 0.000023 1.000000 -0.000976 0.001234 0.999999 0.000117 -0.001005 0.999999 -0.005021 0.004429 0.999978 -0.001048 0.001207 0.999999 
-0.002945 -0.000414 0.999996 0.000228 0.000247 1.000000 -0.000923 0.001166 0.999999 0.000160 -0.001375 0.999999 -0.005386 0.004752 0.999974 -0.001088 0.001253 0.999999 
-0.002661 -0.000374 0.999996 0.000211 0.000228 1.000000 -0.000948 0.001199 0.999999 0.000148 -0.001271 0.999999 -0.005438 0.004798 0.999974 -0.000991 0.001141 0.999999 
-0.002401 -0.000338 0.999997 0.000199 0.000215 1.000000 -0.000964 0.001219 0.999999 0.000138 -0.001184 0.999999 -0.005451 0.004810 0.999974 -0.000905 0.001042 0.999999 
-0.002166 -0.000304 0.999998 0.000231 0.000250 1.000000 -0.000973 0.001230 0.999999 0.000127 -0.001098 0.999999 -0.005432 0.004793 0.999974 -0.000846 0.000974 0.999999 
-0.002114 -0.000297 0.999998 0.000255 0.000275 1.000000 -0.000956 0.001209 0.999999 0.000141 -0.001214 0.999999 -0.005417 0.004780 0.999974 -0.000846 0.000974 0.999999 
-0.001908 -0.000268 0.999998 0.000330 0.000357 1.000000 -0.000967 0.001222 0.999999 0.000130 -0.001124 0.999999 -0.005408 0.004772 0.999974 -0.000814 0.000938 0.999999 
-0.001722 -0.000242 0.999998 0.000431 0.000465 1.000000 -0.000974 0.001231 0.999999 0.000120 -0.001030 0.999999 -0.005387 0.004754 0.999974 -0.000798 0.000919 0.999999 
-0.001552 -0.000218 0.999999 0.000513 0.000554 1.000000 -0.000980 0.001240 0.999999 0.000110 -0.000946 1.000000 -0.005367 0.004736 0.999974 -0.000780 0.000898 0.999999 
0.000114 0.000016 1.000000 0.000436 0.000471 1.000000 -0.001302 0.001645 0.999998 -0.000019 0.000167 1.000000 -0.005349 0.004721 0.999975 -0.000432 0.000497 1.000000 
0.000097 0.000014 1.000000 0.000348 0.000375 1.000000 -0.001274 0.001610 0.999998 -0.000013 0.000112 1.000000 -0.005334 0.004707 0.999975 -0.000376 0.000432 1.000000 
-0.000911 -0.000128 1.000000 0.000211 0.000228 1.000000 -0.001160 0.001466 0.999998 0.000038 -0.000332 1.000000 -0.005368 0.004737 0.999974 -0.000557 0.000641 1.000000 
0.000556 0.000078 1.000000 0.000378 0.000408 1.000000 -0.001320 0.001668 0.999998 0.000059 -0.000508 1.000000 -0.005656 0.004992 0.999972 -0.000345 0.000397 1.000000 
0.000366 0.000051 1.000000 0.000573 0.000619 1.000000 -0.001281 0.001619 0.999998 0.000064 -0.000556 1.000000 -0.005954 0.005256 0.999968 -0.000373 0.000429 1.000000 
0.000324 0.000045 1.000000 0.000579 0.000624 1.000000 -0.001276 0.001612 0.999998 0.000061 -0.000530 1.000000 -0.005976 0.005275 0.999968 -0.000370 0.000426 1.000000 
-0.000559 -0.000078 1.000000 0.000489 0.000527 1.000000 -0.001148 0.001451 0.999998 0.000167 -0.001442 0.999999 -0.006027 0.005320 0.999968 -0.000604 0.000695 1.000000 
-0.000502 -0.000070 1.000000 0.000516 0.000556 1.000000 -0.001150 0.001454 0.999998 0.000155 -0.001338 0.999999 -0.006018 0.005313 0.999968 -0.000583 0.000672 1.000000 
-0.000638 -0.000089 1.000000 0.000503 0.000543 1.000000 -0.001130 0.001428 0.999998 0.000165 -0.001424 0.999999 -0.006027 0.005320 0.999968 -0.000607 0.000699 1.000000 
-0.002532 -0.000353 0.999997 0.000380 0.000410 1.000000 -0.001066 0.001348 0.999999 0.000126 -0.001099 0.999999 -0.006160 0.005438 0.999966 -0.000957 0.001103 0.999999 
-0.002284 -0.000318 0.999997 0.000356 0.000384 1.000000 -0.001089 0.001376 0.999998 0.000118 -0.001025 0.999999 -0.006198 0.005471 0.999966 -0.000875 0.001008 0.999999 
-0.000198 -0.000028 1.000000 0.000356 0.000384 1.000000 -0.001483 0.001874 0.999997 -0.000037 0.000322 1.000000 -0.006182 0.005457 0.999966 -0.000480 0.000552 1.000000 
-0.000092 -0.000013 1.000000 0.000307 0.000331 1.000000 -0.001464 0.001849 0.999997 -0.000031 0.000268 1.000000 -0.006141 0.005423 0.999966 -0.000420 0.000484 1.000000 
0.000588 0.000082 1.000000 0.000284 0.000307 1.000000 -0.001469 0.001856 0.999997 0.000057 -0.000492 1.000000 -0.006106 0.005392 0.999967 -0.000365 0.000420 1.000000 
0.000521 0.000073 1.000000 0.000262 0.000283 1.000000 -0.001445 0.001825 0.999997 0.000057 -0.000499 1.000000 -0.006118 0.005402 0.999967 -0.000343 0.000394 1.000000 
-0.000208 -0.000029 1.000000 0.000242 0.000261 1.000000 -0.001328 0.001678 0.999998 0.000127 -0.001104 0.999999 -0.006133 0.005415 0.999967 -0.000523 0.000602 1.000000 
-0.000929 -0.000129 1.000000 0.000433 0.000467 1.000000 -0.001192 0.001506 0.999998 0.000213 -0.001853 0.999998 -0.006395 0.005647 0.999964 -0.000735 0.000846 0.999999 
-0.003389 -0.000471 0.999994 0.000393 0.000425 1.000000 -0.000855 0.001081 0.999999 0.000455 -0.003975 0.999992 -0.006418 0.005668 0.999963 -0.001454 0.001675 0.999998 
-0.001760 -0.000244 0.999998 0.000370 0.000399 1.000000 -0.001059 0.001339 0.999999 0.000458 -0.004004 0.999992 -0.006457 0.005702 0.999963 -0.001200 0.001383 0.999998 
-0.001587 -0.000220 0.999999 0.000381 0.000411 1.000000 -0.001081 0.001368 0.999998 0.000417 -0.003645 0.999993 -0.006457 0.005703 0.999963 -0.001109 0.001278 0.999999 
0.000369 0.000051 1.000000 0.000341 0.000368 1.000000 -0.001464 0.001850 0.999997 0.000242 -0.002115 0.999998 -0.006453 0.005700 0.999963 -0.000682 0.000786 0.999999 
0.000330 0.000046 1.000000 0.000346 0.000373 1.000000 -0.001450 0.001832 0.999997 0.000223 -0.001942 0.999998 -0.006472 0.005718 0.999963 -0.000640 0.000736 1.000000 
