-0.002557 0.001667 0.999995 0.000826 0.001280 0.999999 0.000816 0.001205 0.999999 -0.002560 0.001646 0.999995 
-0.002471 0.001610 0.999996 0.000801 0.001240 0.999999 0.000791 0.001167 0.999999 -0.002473 0.001590 0.999996 
-0.003317 0.002161 0.999992 0.000464 0.000719 1.000000 0.000431 0.000635 1.000000 -0.003326 0.002138 0.999992 
-0.001394 0.000908 0.999999 0.001008 0.001562 0.999998 0.001022 0.001508 0.999998 -0.001390 0.000894 0.999999 
-0.001709 0.001113 0.999998 0.000189 0.000294 1.000000 0.000170 0.000252 1.000000 -0.001714 0.001101 0.999998 
-0.000200 0.000130 1.000000 -0.000167 -0.000259 1.000000 -0.000175 -0.000259 1.000000 -0.000203 0.000130 1.000000 
0.000834 -0.000543 1.000000 -0.001398 -0.002169 0.999997 -0.001434 -0.002119 0.999997 0.000824 -0.000529 1.000000 
-0.002610 0.001697 0.999995 -0.002022 -0.003139 0.999993 -0.002130 -0.003150 0.999993 -0.002640 0.001694 0.999995 
-0.002552 0.001659 0.999995 -0.002168 -0.003367 0.999992 -0.002280 -0.003374 0.999992 -0.002583 0.001657 0.999995 
0.001129 -0.000734 0.999999 -0.004843 -0.007525 0.999960 -0.004992 -0.007389 0.999960 0.001088 -0.000697 0.999999 
-0.000567 0.000368 1.000000 -0.005609 -0.008723 0.999946 -0.005810 -0.008607 0.999946 -0.000623 0.000399 1.000000 
-0.000499 0.000324 1.000000 -0.006663 -0.010361 0.999924 -0.006899 -0.010220 0.999924 -0.000565 0.000362 1.000000 
-0.000444 0.000288 1.000000 -0.007155 -0.011127 0.999912 -0.007407 -0.010973 0.999912 -0.000514 0.000329 1.000000 
-0.000393 0.000255 1.000000 -0.007034 -0.010939 0.999915 -0.007281 -0.010786 0.999915 -0.000461 0.000295 1.000000 
-0.000338 0.000220 1.000000 -0.007308 -0.011366 0.999909 -0.007564 -0.011205 0.999909 -0.000409 0.000262 1.000000 
-0.000288 0.000187 1.000000 -0.008338 -0.012967 0.999881 -0.008628 -0.012782 0.999881 -0.000368 0.000236 1.000000 
-0.000259 0.000168 1.000000 -0.016991 -0.026420 0.999507 -0.017578 -0.026036 0.999506 -0.000421 0.000270 1.000000 
-0.000061 0.000040 1.000000 -0.027485 -0.042240 0.998729 -0.028418 -0.041611 0.998730 -0.000320 0.000207 1.000000 
-0.000067 0.000048 1.000000 -0.025780 -0.036195 0.999012 -0.026579 -0.035607 0.999012 -0.000289 0.000205 1.000000 
-0.000082 0.000062 1.000000 -0.009065 -0.012262 0.999884 -0.009336 -0.012057 0.999884 -0.000158 0.000116 1.000000 
0.002480 -0.001840 0.999995 -0.003045 -0.004143 0.999987 -0.003095 -0.004019 0.999987 0.002466 -0.001806 0.999995 
-0.004048 -0.000222 0.999992 0.015359 -0.011533 0.999816 0.000426 0.001132 0.999999 0.000652 -0.008235 0.999966 -0.010119 -0.012813 0.999867 -0.001936 -0.004713 0.999987 
-0.003745 -0.000148 0.999993 0.012609 -0.009798 0.999872 -0.000436 -0.001143 0.999999 0.000086 -0.001356 0.999999 -0.005767 -0.007062 0.999958 -0.005180 -0.012644 0.999907 
-0.000719 -0.000026 1.000000 0.008213 -0.006458 0.999945 -0.000335 -0.000873 1.000000 -0.000018 0.000304 1.000000 -0.001726 -0.002090 0.999996 -0.003837 -0.009340 0.999949 
-0.000655 -0.000024 1.000000 0.007137 -0.005608 0.999959 -0.000225 -0.000587 1.000000 -0.000016 0.000263 1.000000 -0.001161 -0.001406 0.999998 -0.003360 -0.008180 0.999961 
-0.001316 -0.000048 0.999999 0.006009 -0.004714 0.999971 -0.000014 -0.000037 1.000000 -0.000057 0.000932 1.000000 -0.000567 -0.000688 1.000000 -0.003123 -0.007600 0.999966 
0.000708 0.000025 1.000000 0.004041 -0.003166 0.999987 0.000158 0.000410 1.000000 -0.000236 0.003937 0.999992 0.000254 0.000309 1.000000 -0.002250 -0.005458 0.999983 
0.000622 0.000022 1.000000 0.001695 -0.001328 0.999998 0.000235 0.000611 1.000000 -0.000251 0.004191 0.999991 0.000176 0.000214 1.000000 -0.001156 -0.002806 0.999995 
0.000550 0.000020 1.000000 0.000519 -0.000407 1.000000 0.000634 0.001649 0.999998 -0.000392 0.006561 0.999978 0.000125 0.000152 1.000000 -0.000555 -0.001346 0.999999 
0.001845 0.000065 0.999998 0.000241 -0.000189 1.000000 0.001012 0.002626 0.999996 -0.000551 0.009301 0.999957 -0.000016 -0.000019 1.000000 0.000040 0.000096 1.000000 
0.004811 0.000178 0.999988 0.000229 -0.000180 1.000000 0.001351 0.003512 0.999993 -0.000692 0.011316 0.999936 0.000010 0.000012 1.000000 0.001144 0.002770 0.999996 
0.007997 0.000312 0.999968 -0.000212 0.000165 1.000000 0.001571 0.004083 0.999990 -0.000780 0.012333 0.999924 0.000487 0.000592 1.000000 0.002395 0.005788 0.999980 
0.010561 0.000418 0.999944 0.001904 -0.001488 0.999997 0.002356 0.006115 0.999979 -0.000814 0.012749 0.999918 0.002301 0.002803 0.999993 0.002843 0.006852 0.999972 
0.012244 0.000482 0.999925 0.000465 -0.000363 1.000000 0.002450 0.006343 0.999977 -0.000882 0.013859 0.999904 0.002580 0.003146 0.999992 0.003881 0.009318 0.999949 
0.013681 0.000537 0.999906 0.000406 -0.000317 1.000000 0.002525 0.006526 0.999976 -0.000922 0.014505 0.999894 0.002418 0.002950 0.999993 0.004450 0.010657 0.999933 
0.014598 0.000564 0.999893 0.000368 -0.000287 1.000000 0.002566 0.006620 0.999975 -0.000939 0.014901 0.999889 0.002266 0.002764 0.999994 0.004830 0.011538 0.999922 
0.015197 0.000579 0.999884 -0.000410 0.000319 1.000000 0.003083 0.007943 0.999964 -0.000956 0.015306 0.999882 0.004878 0.005964 0.999970 0.005189 0.012362 0.999910 
0.015571 0.000587 0.999879 0.000646 -0.000503 1.000000 0.003462 0.008921 0.999954 -0.000967 0.015582 0.999878 0.005664 0.006927 0.999960 0.005095 0.012140 0.999913 
0.015778 0.000587 0.999875 0.002848 -0.002215 0.999993 0.003796 0.009772 0.999945 -0.000941 0.015283 0.999883 0.004965 0.006077 0.999969 0.005020 0.011945 0.999916 
0.015350 0.000571 0.999882 0.002587 -0.002012 0.999995 0.003647 0.009389 0.999949 -0.000935 0.015193 0.999884 0.004554 0.005574 0.999974 0.004922 0.011708 0.999919 
0.014638 0.000545 0.999893 0.002429 -0.001888 0.999995 0.003938 0.010135 0.999941 -0.000915 0.014844 0.999889 0.006495 0.007956 0.999947 0.004575 0.010876 0.999930 
0.013683 0.000509 0.999906 0.003772 -0.002930 0.999989 0.004251 0.010955 0.999931 -0.000894 0.014528 0.999894 0.007695 0.009429 0.999926 0.003753 0.008936 0.999953 
0.012245 0.000457 0.999925 0.002775 -0.002155 0.999994 0.003994 0.010287 0.999939 -0.000869 0.014094 0.999900 0.007275 0.008917 0.999934 0.003537 0.008414 0.999958 
0.010904 0.000408 0.999940 0.002512 -0.001951 0.999995 0.003754 0.009667 0.999946 -0.000842 0.013640 0.999907 0.006634 0.008131 0.999945 0.003133 0.007452 0.999967 
0.009518 0.000357 0.999955 0.002251 -0.001749 0.999996 0.003525 0.009077 0.999953 -0.000816 0.013227 0.999912 0.005996 0.007348 0.999955 0.002720 0.006470 0.999975 
0.008104 0.000304 0.999967 0.002055 -0.001596 0.999997 0.003312 0.008526 0.999958 -0.000789 0.012780 0.999918 0.005403 0.006622 0.999963 0.002284 0.005430 0.999983 
0.006540 0.000246 0.999979 0.001858 -0.001443 0.999997 0.003113 0.008016 0.999963 -0.000765 0.012365 0.999923 0.004880 0.005981 0.999970 0.001785 0.004243 0.999989 
0.004888 0.000184 0.999988 0.001678 -0.001303 0.999998 0.002928 0.007538 0.999967 -0.000740 0.011957 0.999928 0.004403 0.005396 0.999976 0.001248 0.002966 0.999995 
0.003170 0.000120 0.999995 0.001513 -0.001175 0.999998 0.002753 0.007089 0.999971 -0.000716 0.011555 0.999933 0.003968 0.004863 0.999980 0.000681 0.001620 0.999998 
0.001298 0.000049 0.999999 0.000617 -0.000479 1.000000 0.002569 0.006611 0.999975 -0.000693 0.011156 0.999938 0.003771 0.004622 0.999982 0.000287 0.000682 1.000000 
0.000293 0.000011 1.000000 0.000561 -0.000435 1.000000 0.002337 0.006013 0.999979 -0.000660 0.010615 0.999943 0.002924 0.003585 0.999989 0.000019 0.000044 1.000000 
0.000343 0.000013 1.000000 -0.000131 0.000102 1.000000 0.002066 0.005311 0.999984 -0.000625 0.010013 0.999950 0.001687 0.002071 0.999996 0.000512 0.001213 0.999999 
0.000437 0.000017 1.000000 0.001900 -0.001473 0.999997 0.002370 0.006097 0.999979 -0.000586 0.009362 0.999956 0.002496 0.003063 0.999992 -0.000045 -0.000107 1.000000 
0.000389 0.000015 1.000000 0.000985 -0.000764 0.999999 0.002113 0.005431 0.999983 -0.000547 0.008730 0.999962 0.002047 0.002514 0.999995 0.000256 0.000607 1.000000 
0.000318 0.000012 1.000000 0.000894 -0.000693 0.999999 0.002029 0.005215 0.999984 -0.000545 0.008689 0.999962 0.001840 0.002260 0.999996 0.000225 0.000534 1.000000 
0.000306 0.000012 1.000000 0.000812 -0.000630 0.999999 0.001957 0.005030 0.999985 -0.000547 0.008704 0.999962 0.001651 0.002028 0.999997 0.000210 0.000498 1.000000 
0.000275 0.000011 1.000000 0.000738 -0.000572 1.000000 0.001919 0.004931 0.999986 -0.000558 0.008876 0.999960 0.001491 0.001831 0.999997 0.000191 0.000453 1.000000 
0.000266 0.000010 1.000000 0.001159 -0.000899 0.999999 0.001994 0.005124 0.999985 -0.000568 0.009025 0.999959 0.001610 0.001977 0.999997 0.000035 0.000084 1.000000 
0.000257 0.000010 1.000000 -0.000064 0.000050 1.000000 0.001952 0.005012 0.999986 -0.000578 0.009184 0.999958 0.002270 0.002788 0.999994 0.000245 0.000578 1.000000 
0.000190 0.000007 1.000000 -0.000046 0.000036 1.000000 0.001928 0.004950 0.999986 -0.000589 0.009357 0.999956 0.002065 0.002537 0.999995 0.000209 0.000495 1.000000 
0.000118 0.000005 1.000000 -0.000030 0.000023 1.000000 0.001896 0.004867 0.999986 -0.000594 0.009436 0.999955 0.001882 0.002313 0.999996 0.000173 0.000410 1.000000 
0.000118 0.000005 1.000000 0.001897 -0.001469 0.999997 0.002300 0.005913 0.999980 -0.000591 0.009389 0.999956 0.002652 0.003259 0.999991 -0.000337 -0.000798 1.000000 
-0.000015 -0.000001 1.000000 0.002049 -0.001587 0.999997 0.002305 0.005923 0.999980 -0.000592 0.009411 0.999956 0.002572 0.003160 0.999992 -0.000424 -0.001004 0.999999 
-0.000055 -0.000002 1.000000 0.001846 -0.001430 0.999997 0.002209 0.005676 0.999981 -0.000580 0.009206 0.999957 0.002320 0.002851 0.999993 -0.000358 -0.000848 1.000000 
-0.000057 -0.000002 1.000000 0.001511 -0.001169 0.999998 0.002259 0.005802 0.999981 -0.000575 0.009120 0.999958 0.002453 0.003017 0.999992 -0.000158 -0.000373 1.000000 
-0.000056 -0.000002 1.000000 0.001367 -0.001058 0.999999 0.002158 0.005540 0.999982 -0.000560 0.008862 0.999961 0.002222 0.002733 0.999994 -0.000109 -0.000257 1.000000 
-0.000054 -0.000002 1.000000 0.001237 -0.000957 0.999999 0.002055 0.005275 0.999984 -0.000540 0.008535 0.999963 0.002013 0.002476 0.999995 -0.000060 -0.000141 1.000000 
-0.000121 -0.000005 1.000000 -0.000082 0.000063 1.000000 0.001957 0.005017 0.999985 -0.000520 0.008212 0.999966 0.002715 0.003341 0.999991 0.000179 0.000422 1.000000 
-0.000108 -0.000004 1.000000 -0.000061 0.000047 1.000000 0.001893 0.004852 0.999986 -0.000521 0.008218 0.999966 0.002469 0.003038 0.999992 0.000161 0.000380 1.000000 
-0.000052 -0.000002 1.000000 -0.000041 0.000032 1.000000 0.001791 0.004591 0.999988 -0.000499 0.007867 0.999969 0.002244 0.002762 0.999994 0.000176 0.000414 1.000000 
-0.000104 -0.000004 1.000000 -0.000021 0.000017 1.000000 0.001678 0.004299 0.999989 -0.000475 0.007490 0.999972 0.002043 0.002514 0.999995 0.000129 0.000304 1.000000 
0.000024 0.000001 1.000000 -0.000005 0.000004 1.000000 0.001584 0.004054 0.999991 -0.000461 0.007265 0.999974 0.001864 0.002294 0.999996 0.000136 0.000319 1.000000 
-0.000025 -0.000001 1.000000 0.000007 -0.000006 1.000000 0.001528 0.003912 0.999991 -0.000456 0.007172 0.999974 0.001695 0.002086 0.999996 0.000108 0.000254 1.000000 
0.000049 0.000002 1.000000 0.000013 -0.000010 1.000000 0.001458 0.003732 0.999992 -0.000446 0.007012 0.999975 0.001545 0.001901 0.999997 0.000114 0.000268 1.000000 
-0.000005 -0.000000 1.000000 0.000018 -0.000014 1.000000 0.001411 0.003611 0.999992 -0.000441 0.006925 0.999976 0.001410 0.001736 0.999997 0.000087 0.000204 1.000000 
-0.000043 -0.000002 1.000000 0.000022 -0.000017 1.000000 0.001367 0.003498 0.999993 -0.000436 0.006847 0.999976 0.001284 0.001580 0.999998 0.000067 0.000157 1.000000 
0.000072 0.000003 1.000000 0.000025 -0.000020 1.000000 0.001300 0.003327 0.999994 -0.000425 0.006663 0.999978 0.001172 0.001443 0.999998 0.000085 0.000201 1.000000 
0.000141 0.000006 1.000000 0.000028 -0.000021 1.000000 0.001244 0.003182 0.999994 -0.000415 0.006506 0.999979 0.001073 0.001320 0.999999 0.000093 0.000219 1.000000 
0.000086 0.000003 1.000000 0.000030 -0.000023 1.000000 0.001212 0.003100 0.999994 -0.000411 0.006440 0.999979 0.000982 0.001209 0.999999 0.000070 0.000165 1.000000 
0.000051 0.000002 1.000000 0.000031 -0.000024 1.000000 0.001179 0.003017 0.999995 -0.000407 0.006367 0.999980 0.000898 0.001105 0.999999 0.000054 0.000126 1.000000 
0.000070 0.000003 1.000000 -0.000148 0.000115 1.000000 0.001054 0.002694 0.999996 -0.000402 0.006288 0.999980 0.000210 0.000259 1.000000 0.000216 0.000507 1.000000 
0.000028 0.000001 1.000000 -0.000847 0.000654 0.999999 0.000988 0.002525 0.999996 -0.000400 0.006268 0.999980 0.000226 0.000279 1.000000 0.000416 0.000977 0.999999 
0.000065 0.000003 1.000000 -0.000756 0.000584 1.000000 0.000968 0.002475 0.999996 -0.000395 0.006182 0.999981 0.000198 0.000244 1.000000 0.000388 0.000910 1.000000 
0.000112 0.000004 1.000000 -0.000264 0.000204 1.000000 0.001045 0.002670 0.999996 -0.000388 0.006061 0.999982 0.000394 0.000486 1.000000 0.000255 0.000598 1.000000 
0.000020 0.000001 1.000000 -0.000519 0.000401 1.000000 0.001030 0.002632 0.999996 -0.000383 0.005983 0.999982 0.000595 0.000733 1.000000 0.000259 0.000607 1.000000 
0.000030 0.000001 1.000000 -0.000459 0.000354 1.000000 0.001003 0.002562 0.999996 -0.000376 0.005868 0.999983 0.000550 0.000677 1.000000 0.000235 0.000552 1.000000 
-0.000039 -0.000002 1.000000 -0.000414 0.000320 1.000000 0.000983 0.002510 0.999996 -0.000370 0.005777 0.999983 0.000525 0.000647 1.000000 0.000188 0.000440 1.000000 
-0.000034 -0.000001 1.000000 -0.000386 0.000298 1.000000 0.000958 0.002448 0.999997 -0.000363 0.005678 0.999984 0.000510 0.000629 1.000000 0.000167 0.000391 1.000000 
-0.000081 -0.000003 1.000000 0.000010 -0.000007 1.000000 0.001265 0.003233 0.999994 -0.000358 0.005587 0.999984 0.001574 0.001940 0.999997 0.000081 0.000189 1.000000 
0.000007 0.000000 1.000000 0.000014 -0.000011 1.000000 0.001174 0.002998 0.999995 -0.000331 0.005162 0.999987 0.001435 0.001768 0.999997 0.000116 0.000272 1.000000 
-0.000012 -0.000000 1.000000 -0.000441 0.000341 1.000000 0.001111 0.002835 0.999995 -0.000325 0.005060 0.999987 0.001272 0.001568 0.999998 0.000302 0.000707 1.000000 
-0.000055 -0.000002 1.000000 0.001655 -0.001277 0.999998 0.001318 0.003365 0.999993 -0.000293 0.004559 0.999990 0.000528 0.000650 1.000000 0.000040 0.000094 1.000000 
0.000054 0.000002 1.000000 0.001095 -0.000845 0.999999 0.001100 0.002805 0.999995 -0.000240 0.003719 0.999993 0.000310 0.000383 1.000000 0.000269 0.000629 1.000000 
0.000091 0.000004 1.000000 0.000716 -0.000553 1.000000 0.000947 0.002411 0.999997 -0.000201 0.003118 0.999995 0.000518 0.000639 1.000000 0.000277 0.000646 1.000000 
-0.000009 -0.000000 1.000000 0.000654 -0.000505 1.000000 0.000873 0.002221 0.999997 -0.000179 0.002778 0.999996 0.000474 0.000585 1.000000 0.000247 0.000575 1.000000 
0.000041 0.000002 1.000000 0.000599 -0.000462 1.000000 0.000802 0.002041 0.999998 -0.000171 0.002642 0.999996 0.000430 0.000531 1.000000 0.000228 0.000530 1.000000 
-0.000011 -0.000000 1.000000 0.000547 -0.000422 1.000000 0.000764 0.001943 0.999998 -0.000169 0.002614 0.999997 0.000392 0.000483 1.000000 0.000193 0.000449 1.000000 
0.000059 0.000002 1.000000 0.000501 -0.000387 1.000000 0.000703 0.001788 0.999998 -0.000161 0.002490 0.999997 0.000356 0.000439 1.000000 0.000185 0.000431 1.000000 
0.000006 0.000000 1.000000 0.000460 -0.000355 1.000000 0.000672 0.001710 0.999998 -0.000159 0.002466 0.999997 0.000321 0.000397 1.000000 0.000155 0.000360 1.000000 
-0.000017 -0.000001 1.000000 0.000423 -0.000326 1.000000 0.000644 0.001638 0.999998 -0.000158 0.002446 0.999997 0.000291 0.000359 1.000000 0.000135 0.000314 1.000000 
0.000109 0.000004 1.000000 0.000388 -0.000299 1.000000 0.000580 0.001474 0.999999 -0.000147 0.002279 0.999997 0.000260 0.000321 1.000000 0.000146 0.000340 1.000000 
0.000055 0.000002 1.000000 0.000357 -0.000275 1.000000 0.000564 0.001433 0.999999 -0.000148 0.002297 0.999997 0.000231 0.000285 1.000000 0.000122 0.000283 1.000000 
0.000008 0.000000 1.000000 0.000328 -0.000253 1.000000 0.000550 0.001398 0.999999 -0.000150 0.002319 0.999997 0.000206 0.000254 1.000000 0.000100 0.000232 1.000000 
-0.000063 -0.000003 1.000000 -0.000554 0.000427 1.000000 0.000454 0.001152 0.999999 -0.000153 0.002361 0.999997 -0.000030 -0.000037 1.000000 0.000409 0.000950 0.999999 
-0.000051 -0.000002 1.000000 -0.000492 0.000379 1.000000 0.000448 0.001139 0.999999 -0.000154 0.002380 0.999997 -0.000032 -0.000040 1.000000 0.000372 0.000864 1.000000 
-0.000029 -0.000001 1.000000 -0.000436 0.000336 1.000000 0.000440 0.001117 0.999999 -0.000154 0.002386 0.999997 -0.000030 -0.000037 1.000000 0.000339 0.000787 1.000000 
0.000039 0.000002 1.000000 0.001019 -0.000786 0.999999 0.000618 0.001569 0.999999 -0.000154 0.002386 0.999997 -0.000455 -0.000561 1.000000 0.000129 0.000299 1.000000 
0.000087 0.000003 1.000000 0.001853 -0.001428 0.999997 0.001014 0.002578 0.999996 -0.000183 0.002835 0.999996 0.000302 0.000373 1.000000 -0.000000 -0.000000 1.000000 
0.000040 0.000002 1.000000 0.001685 -0.001299 0.999998 0.000971 0.002468 0.999996 -0.000186 0.002881 0.999996 0.000286 0.000353 1.000000 -0.000012 -0.000029 1.000000 
-0.000014 -0.000001 1.000000 0.001530 -0.001179 0.999998 0.000930 0.002365 0.999997 -0.000187 0.002902 0.999996 0.000268 0.000331 1.000000 -0.000023 -0.000053 1.000000 
0.000065 0.000003 1.000000 0.001388 -0.001070 0.999998 0.000880 0.002238 0.999997 -0.000187 0.002898 0.999996 0.000250 0.000308 1.000000 0.000000 0.000000 1.000000 
0.000015 0.000001 1.000000 0.001262 -0.000973 0.999999 0.000842 0.002141 0.999997 -0.000186 0.002879 0.999996 0.000225 0.000278 1.000000 -0.000006 -0.000015 1.000000 
-0.000021 -0.000001 1.000000 0.001149 -0.000885 0.999999 0.000813 0.002068 0.999998 -0.000189 0.002920 0.999996 0.000204 0.000252 1.000000 -0.000015 -0.000034 1.000000 
0.000037 0.000001 1.000000 0.000773 -0.000596 1.000000 0.000774 0.001967 0.999998 -0.000190 0.002936 0.999996 0.000405 0.000500 1.000000 0.000040 0.000092 1.000000 
-0.000015 -0.000001 1.000000 0.000705 -0.000544 1.000000 0.000747 0.001898 0.999998 -0.000190 0.002936 0.999996 0.000367 0.000453 1.000000 0.000023 0.000054 1.000000 
-0.000022 -0.000001 1.000000 0.000645 -0.000497 1.000000 0.000721 0.001831 0.999998 -0.000190 0.002934 0.999996 0.000330 0.000408 1.000000 0.000021 0.000049 1.000000 
0.000169 0.000007 1.000000 0.000589 -0.000454 1.000000 0.000664 0.001687 0.999998 -0.000182 0.002801 0.999996 0.000297 0.000367 1.000000 0.000071 0.000165 1.000000 
0.000113 0.000005 1.000000 0.000539 -0.000416 1.000000 0.000648 0.001646 0.999998 -0.000183 0.002825 0.999996 0.000267 0.000329 1.000000 0.000054 0.000125 1.000000 
0.000052 0.000002 1.000000 0.000494 -0.000381 1.000000 0.000637 0.001618 0.999998 -0.000186 0.002864 0.999996 0.000242 0.000299 1.000000 0.000035 0.000081 1.000000 
-0.000003 -0.000000 1.000000 0.000514 -0.000396 1.000000 0.000621 0.001576 0.999999 -0.000177 0.002728 0.999996 0.000197 0.000243 1.000000 0.000029 0.000066 1.000000 
0.000126 0.000005 1.000000 0.000612 -0.000472 1.000000 0.000738 0.001873 0.999998 -0.000166 0.002554 0.999997 0.000883 0.001091 0.999999 -0.000000 -0.000000 1.000000 
0.000067 0.000003 1.000000 0.000560 -0.000431 1.000000 0.000696 0.001766 0.999998 -0.000158 0.002428 0.999997 0.000803 0.000992 0.999999 -0.000005 -0.000011 1.000000 
0.000006 0.000000 1.000000 0.000514 -0.000396 1.000000 0.000666 0.001689 0.999998 -0.000156 0.002401 0.999997 0.000736 0.000910 0.999999 -0.000023 -0.000053 1.000000 
-0.000017 -0.000001 1.000000 0.000471 -0.000363 1.000000 0.000637 0.001615 0.999998 -0.000154 0.002378 0.999997 0.000675 0.000834 0.999999 -0.000029 -0.000067 1.000000 
0.000146 0.000006 1.000000 0.000432 -0.000332 1.000000 0.000580 0.001472 0.999999 -0.000145 0.002235 0.999997 0.000617 0.000762 1.000000 0.000015 0.000036 1.000000 
0.000078 0.000003 1.000000 0.000396 -0.000305 1.000000 0.000558 0.001415 0.999999 -0.000144 0.002212 0.999998 0.000564 0.000697 1.000000 -0.000003 -0.000008 1.000000 
0.000016 0.000001 1.000000 0.000362 -0.000279 1.000000 0.000538 0.001365 0.999999 -0.000143 0.002192 0.999998 0.000517 0.000639 1.000000 -0.000020 -0.000046 1.000000 
-0.000010 -0.000000 1.000000 -0.000614 0.000473 1.000000 0.000397 0.001006 0.999999 -0.000125 0.001925 0.999998 0.000221 0.000273 1.000000 0.000375 0.000867 1.000000 
-0.000012 -0.000000 1.000000 -0.000544 0.000419 1.000000 0.000391 0.000990 0.999999 -0.000126 0.001932 0.999998 0.000201 0.000249 1.000000 0.000338 0.000782 1.000000 
0.000056 0.000002 1.000000 -0.000023 0.000018 1.000000 0.000416 0.001054 0.999999 -0.000114 0.001757 0.999998 0.000038 0.000046 1.000000 0.000263 0.000608 1.000000 
0.000037 0.000002 1.000000 -0.000011 0.000008 1.000000 0.000409 0.001036 0.999999 -0.000116 0.001788 0.999998 0.000024 0.000030 1.000000 0.000236 0.000546 1.000000 
0.000068 0.000003 1.000000 -0.000000 0.000000 1.000000 0.000396 0.001004 0.999999 -0.000117 0.001804 0.999998 0.000012 0.000015 1.000000 0.000224 0.000518 1.000000 
0.000045 0.000002 1.000000 0.000003 -0.000003 1.000000 0.000394 0.000998 0.999999 -0.000121 0.001859 0.999998 -0.000001 -0.000001 1.000000 0.000202 0.000466 1.000000 
-0.000126 -0.000005 1.000000 -0.000140 0.000108 1.000000 0.000421 0.001067 0.999999 -0.000134 0.002067 0.999998 0.000123 0.000152 1.000000 0.000153 0.000353 1.000000 
-0.000114 -0.000005 1.000000 -0.000117 0.000090 1.000000 0.000399 0.001010 0.999999 -0.000135 0.002068 0.999998 0.000006 0.000007 1.000000 0.000155 0.000358 1.000000 
-0.000090 -0.000004 1.000000 -0.000170 0.000131 1.000000 0.000385 0.000975 0.999999 -0.000136 0.002089 0.999998 0.000003 0.000004 1.000000 0.000162 0.000374 1.000000 
-0.000007 -0.000000 1.000000 0.000675 -0.000519 1.000000 0.000379 0.000959 0.999999 -0.000106 0.001626 0.999999 -0.000726 -0.000899 0.999999 0.000173 0.000399 1.000000 
0.000072 0.000003 1.000000 0.000610 -0.000469 1.000000 0.000381 0.000963 0.999999 -0.000115 0.001774 0.999998 -0.000653 -0.000808 0.999999 0.000173 0.000398 1.000000 
0.000043 0.000002 1.000000 0.000547 -0.000421 1.000000 0.000415 0.001050 0.999999 -0.000134 0.002059 0.999998 -0.000590 -0.000730 1.000000 0.000155 0.000357 1.000000 
0.000018 0.000001 1.000000 0.000492 -0.000378 1.000000 0.000449 0.001135 0.999999 -0.000152 0.002331 0.999997 -0.000533 -0.000660 1.000000 0.000139 0.000320 1.000000 
-0.000003 -0.000000 1.000000 0.000446 -0.000343 1.000000 0.000464 0.001172 0.999999 -0.000159 0.002450 0.999997 -0.000498 -0.000616 1.000000 0.000134 0.000309 1.000000 
-0.000016 -0.000001 1.000000 0.000399 -0.000307 1.000000 0.000490 0.001239 0.999999 -0.000173 0.002666 0.999996 -0.000445 -0.000551 1.000000 0.000122 0.000281 1.000000 
-0.000017 -0.000001 1.000000 0.000358 -0.000275 1.000000 0.000515 0.001302 0.999999 -0.000187 0.002875 0.999996 -0.000399 -0.000494 1.000000 0.000114 0.000262 1.000000 
-0.000019 -0.000001 1.000000 0.000323 -0.000249 1.000000 0.000536 0.001355 0.999999 -0.000199 0.003060 0.999995 -0.000363 -0.000449 1.000000 0.000105 0.000242 1.000000 
-0.000020 -0.000001 1.000000 0.000293 -0.000225 1.000000 0.000553 0.001398 0.999999 -0.000209 0.003212 0.999995 -0.000327 -0.000404 1.000000 0.000097 0.000222 1.000000 
-0.000020 -0.000001 1.000000 0.000266 -0.000205 1.000000 0.000567 0.001435 0.999999 -0.000217 0.003343 0.999994 -0.000298 -0.000369 1.000000 0.000090 0.000207 1.000000 
-0.000021 -0.000001 1.000000 0.000241 -0.000186 1.000000 0.000581 0.001468 0.999999 -0.000225 0.003462 0.999994 -0.000269 -0.000333 1.000000 0.000083 0.000192 1.000000 
-0.000012 -0.000000 1.000000 0.000433 -0.000333 1.000000 0.000810 0.002048 0.999998 -0.000256 0.003937 0.999992 0.000578 0.000716 1.000000 -0.000070 -0.000162 1.000000 
0.000067 0.000003 1.000000 0.000397 -0.000305 1.000000 0.000734 0.001854 0.999998 -0.000222 0.003407 0.999994 0.000529 0.000655 1.000000 -0.000002 -0.000005 1.000000 
0.000008 0.000000 1.000000 0.000366 -0.000281 1.000000 0.000714 0.001804 0.999998 -0.000220 0.003386 0.999994 0.000485 0.000600 1.000000 -0.000019 -0.000043 1.000000 
-0.000021 -0.000001 1.000000 0.000336 -0.000258 1.000000 0.000695 0.001757 0.999998 -0.000219 0.003369 0.999994 0.000447 0.000554 1.000000 -0.000027 -0.000063 1.000000 
-0.000019 -0.000001 1.000000 0.000276 -0.000212 1.000000 0.000648 0.001636 0.999998 -0.000199 0.003052 0.999995 0.000439 0.000544 1.000000 0.000004 0.000009 1.000000 
-0.000047 -0.000002 1.000000 0.000254 -0.000195 1.000000 0.000603 0.001523 0.999999 -0.000181 0.002782 0.999996 0.000403 0.000500 1.000000 0.000010 0.000023 1.000000 
0.000024 0.000001 1.000000 0.000233 -0.000179 1.000000 0.000572 0.001445 0.999999 -0.000177 0.002713 0.999996 0.000372 0.000461 1.000000 0.000025 0.000057 1.000000 
0.000083 0.000003 1.000000 0.000215 -0.000165 1.000000 0.000541 0.001365 0.999999 -0.000172 0.002630 0.999997 0.000341 0.000422 1.000000 0.000037 0.000085 1.000000 
0.000044 0.000002 1.000000 0.000197 -0.000151 1.000000 0.000524 0.001321 0.999999 -0.000168 0.002582 0.999997 0.000308 0.000382 1.000000 0.000027 0.000061 1.000000 
-0.000108 -0.000004 1.000000 -0.000710 0.000546 1.000000 0.000500 0.001262 0.999999 -0.000176 0.002697 0.999996 0.000532 0.000659 1.000000 0.000246 0.000565 1.000000 
0.000010 0.000000 1.000000 0.003024 -0.002322 0.999993 0.001322 0.003339 0.999994 -0.000210 0.003228 0.999995 0.001590 0.001971 0.999997 -0.000678 -0.001559 0.999999 
-0.000018 -0.000001 1.000000 0.000286 -0.000220 1.000000 0.001163 0.002933 0.999995 -0.000192 0.002938 0.999996 0.002520 0.003124 0.999992 0.000056 0.000129 1.000000 
-0.000020 -0.000001 1.000000 0.000261 -0.000201 1.000000 0.001096 0.002764 0.999996 -0.000191 0.002924 0.999996 0.002282 0.002829 0.999993 0.000054 0.000125 1.000000 
0.000069 0.000003 1.000000 0.000241 -0.000185 1.000000 0.001012 0.002552 0.999996 -0.000184 0.002808 0.999996 0.002065 0.002560 0.999995 0.000073 0.000167 1.000000 
0.000033 0.000001 1.000000 0.000223 -0.000171 1.000000 0.000950 0.002396 0.999997 -0.000180 0.002746 0.999996 0.001872 0.002322 0.999996 0.000057 0.000131 1.000000 
-0.000018 -0.000001 1.000000 0.000208 -0.000160 1.000000 0.000895 0.002257 0.999997 -0.000176 0.002688 0.999996 0.001698 0.002105 0.999996 0.000037 0.000085 1.000000 
-0.000018 -0.000001 1.000000 0.000194 -0.000149 1.000000 0.000836 0.002109 0.999997 -0.000167 0.002550 0.999997 0.001542 0.001911 0.999997 0.000042 0.000097 1.000000 
0.000216 0.000009 1.000000 -0.000322 0.000247 1.000000 0.000748 0.001885 0.999998 -0.000154 0.002345 0.999997 0.001798 0.002230 0.999996 0.000183 0.000419 1.000000 
0.000158 0.000007 1.000000 -0.000281 0.000216 1.000000 0.000703 0.001771 0.999998 -0.000148 0.002262 0.999997 0.001629 0.002021 0.999997 0.000153 0.000351 1.000000 
0.000105 0.000004 1.000000 -0.000257 0.000197 1.000000 0.000654 0.001647 0.999998 -0.000142 0.002164 0.999998 0.001458 0.001808 0.999997 0.000133 0.000304 1.000000 
0.000057 0.000002 1.000000 -0.000222 0.000171 1.000000 0.000616 0.001551 0.999999 -0.000137 0.002085 0.999998 0.001325 0.001643 0.999998 0.000107 0.000244 1.000000 
0.000012 0.000001 1.000000 -0.000191 0.000147 1.000000 0.000581 0.001462 0.999999 -0.000132 0.002012 0.999998 0.001203 0.001492 0.999998 0.000083 0.000189 1.000000 
0.000007 0.000000 1.000000 -0.000163 0.000125 1.000000 0.000542 0.001364 0.999999 -0.000126 0.001917 0.999998 0.001092 0.001354 0.999998 0.000070 0.000161 1.000000 
0.000048 0.000002 1.000000 0.000124 -0.000095 1.000000 0.000551 0.001387 0.999999 -0.000115 0.001749 0.999998 0.001116 0.001384 0.999998 -0.000004 -0.000008 1.000000 
0.000040 0.000002 1.000000 0.000115 -0.000089 1.000000 0.000507 0.001276 0.999999 -0.000105 0.001601 0.999999 0.001015 0.001259 0.999999 0.000000 0.000001 1.000000 
-0.000008 -0.000000 1.000000 -0.000828 0.000635 0.999999 0.000322 0.000811 1.000000 -0.000102 0.001563 0.999999 0.000306 0.000379 1.000000 0.000412 0.000941 0.999999 
0.000067 0.000003 1.000000 -0.000117 0.000090 1.000000 0.000391 0.000984 0.999999 -0.000104 0.001592 0.999999 0.000091 0.000113 1.000000 0.000289 0.000661 1.000000 
0.000036 0.000001 1.000000 -0.000095 0.000073 1.000000 0.000384 0.000967 0.999999 -0.000106 0.001620 0.999999 0.000076 0.000095 1.000000 0.000255 0.000583 1.000000 
0.000002 0.000000 1.000000 -0.000077 0.000059 1.000000 0.000380 0.000955 0.999999 -0.000108 0.001655 0.999999 0.000063 0.000078 1.000000 0.000223 0.000509 1.000000 
0.000052 0.000002 1.000000 0.000731 -0.000560 1.000000 0.000623 0.001567 0.999999 -0.000106 0.001620 0.999999 0.001011 0.001255 0.999999 -0.000105 -0.000239 1.000000 
-0.000003 -0.000000 1.000000 0.000665 -0.000510 1.000000 0.000599 0.001507 0.999999 -0.000110 0.001674 0.999999 0.000917 0.001139 0.999999 -0.000109 -0.000249 1.000000 
0.000135 0.000006 1.000000 0.000604 -0.000463 1.000000 0.000547 0.001374 0.999999 -0.000105 0.001594 0.999999 0.000831 0.001031 0.999999 -0.000061 -0.000139 1.000000 
0.000070 0.000003 1.000000 0.000550 -0.000422 1.000000 0.000525 0.001321 0.999999 -0.000106 0.001618 0.999999 0.000754 0.000937 0.999999 -0.000070 -0.000160 1.000000 
0.000013 0.000001 1.000000 0.000501 -0.000384 1.000000 0.000503 0.001264 0.999999 -0.000106 0.001619 0.999999 0.000684 0.000850 0.999999 -0.000078 -0.000178 1.000000 
-0.000011 -0.000000 1.000000 0.000458 -0.000351 1.000000 0.000482 0.001211 0.999999 -0.000106 0.001617 0.999999 0.000627 0.000779 1.000000 -0.000078 -0.000178 1.000000 
-0.000015 -0.000001 1.000000 0.000421 -0.000322 1.000000 0.000463 0.001163 0.999999 -0.000106 0.001621 0.999999 0.000571 0.000708 1.000000 -0.000071 -0.000163 1.000000 
-0.000017 -0.000001 1.000000 0.000387 -0.000296 1.000000 0.000446 0.001121 0.999999 -0.000107 0.001623 0.999999 0.000523 0.000649 1.000000 -0.000066 -0.000150 1.000000 
0.000226 0.000009 1.000000 -0.000502 0.000385 1.000000 0.000391 0.000982 0.999999 -0.000093 0.001412 0.999999 0.001087 0.001349 0.999998 0.000194 0.000441 1.000000 
0.000170 0.000007 1.000000 -0.000446 0.000342 1.000000 0.000384 0.000964 0.999999 -0.000096 0.001451 0.999999 0.000967 0.001200 0.999999 0.000171 0.000389 1.000000 
0.000117 0.000005 1.000000 -0.000388 0.000297 1.000000 0.000372 0.000934 0.999999 -0.000095 0.001439 0.999999 0.000871 0.001082 0.999999 0.000144 0.000328 1.000000 
0.000291 0.000012 1.000000 0.001767 -0.001353 0.999998 0.000891 0.002239 0.999997 -0.000147 0.002232 0.999997 0.001780 0.002212 0.999996 -0.000518 -0.001182 0.999999 
0.000059 0.000002 1.000000 0.000504 -0.000386 1.000000 0.000818 0.002054 0.999998 -0.000151 0.002290 0.999997 0.001943 0.002415 0.999995 -0.000202 -0.000461 1.000000 
-0.000174 -0.000007 1.000000 0.000422 -0.000323 1.000000 0.000816 0.002050 0.999998 -0.000172 0.002608 0.999997 0.001725 0.002144 0.999996 -0.000247 -0.000562 1.000000 
-0.000170 -0.000007 1.000000 0.000386 -0.000296 1.000000 0.000802 0.002014 0.999998 -0.000181 0.002745 0.999996 0.001565 0.001946 0.999997 -0.000223 -0.000509 1.000000 
-0.000158 -0.000007 1.000000 0.000356 -0.000273 1.000000 0.000764 0.001919 0.999998 -0.000178 0.002700 0.999996 0.001420 0.001765 0.999997 -0.000199 -0.000453 1.000000 
-0.000147 -0.000006 1.000000 0.000329 -0.000252 1.000000 0.000719 0.001806 0.999998 -0.000169 0.002569 0.999997 0.001286 0.001598 0.999998 -0.000171 -0.000389 1.000000 
-0.000139 -0.000006 1.000000 0.000305 -0.000234 1.000000 0.000679 0.001703 0.999998 -0.000160 0.002435 0.999997 0.001169 0.001453 0.999998 -0.000146 -0.000331 1.000000 
-0.000134 -0.000006 1.000000 0.000282 -0.000216 1.000000 0.000642 0.001610 0.999998 -0.000153 0.002330 0.999997 0.001061 0.001319 0.999999 -0.000125 -0.000284 1.000000 
0.000021 0.000001 1.000000 0.000260 -0.000199 1.000000 0.000587 0.001472 0.999999 -0.000145 0.002199 0.999998 0.000964 0.001198 0.999999 -0.000076 -0.000173 1.000000 
0.000044 0.000002 1.000000 -0.000546 0.000418 1.000000 0.000470 0.001179 0.999999 -0.000145 0.002201 0.999998 0.000680 0.000846 0.999999 0.000238 0.000540 1.000000 
-0.000119 -0.000005 1.000000 -0.000157 0.000120 1.000000 0.000542 0.001360 0.999999 -0.000142 0.002149 0.999998 0.000774 0.000962 0.999999 0.000083 0.000189 1.000000 
-0.000099 -0.000004 1.000000 -0.000132 0.000101 1.000000 0.000487 0.001221 0.999999 -0.000118 0.001794 0.999998 0.000704 0.000875 0.999999 0.000103 0.000233 1.000000 
-0.000093 -0.000004 1.000000 -0.000108 0.000083 1.000000 0.000463 0.001159 0.999999 -0.000115 0.001742 0.999998 0.000638 0.000794 0.999999 0.000092 0.000208 1.000000 
