-0.001498 -0.005422 0.999984 -0.001938 0.000545 0.999998 -0.002071 0.000532 0.999998 -0.001534 -0.005424 0.999984 
-0.001266 -0.004580 0.999989 -0.001642 0.000462 0.999999 -0.001754 0.000451 0.999998 -0.001297 -0.004582 0.999989 
-0.001146 -0.004146 0.999991 -0.001475 0.000414 0.999999 -0.001576 0.000405 0.999999 -0.001173 -0.004148 0.999991 
-0.001123 -0.004059 0.999991 -0.001225 0.000345 0.999999 -0.001323 0.000340 0.999999 -0.001150 -0.004059 0.999991 
-0.000779 -0.002813 0.999996 -0.001076 0.000303 0.999999 -0.001145 0.000295 0.999999 -0.000798 -0.002815 0.999996 
-0.001001 -0.003616 0.999993 0.000302 -0.000085 1.000000 0.000222 -0.000057 1.000000 -0.001023 -0.003608 0.999993 
-0.000934 -0.003376 0.999994 0.000317 -0.000089 1.000000 0.000243 -0.000063 1.000000 -0.000954 -0.003368 0.999994 
-0.000801 -0.002895 0.999995 0.000437 -0.000123 1.000000 0.000375 -0.000096 1.000000 -0.000818 -0.002888 0.999995 
-0.000285 -0.001030 0.999999 0.002385 -0.000671 0.999997 0.002376 -0.000611 0.999997 -0.000287 -0.001013 0.999999 
-0.000551 -0.001996 0.999998 0.008879 -0.002493 0.999957 0.008886 -0.002283 0.999958 -0.000548 -0.001938 0.999998 
-0.000909 -0.003311 0.999994 0.011638 -0.003249 0.999927 0.011632 -0.002969 0.999928 -0.000909 -0.003234 0.999994 
-0.000842 -0.003069 0.999995 0.013050 -0.003641 0.999908 0.013057 -0.003331 0.999909 -0.000838 -0.002984 0.999995 
-0.000886 -0.003263 0.999994 0.023508 -0.006490 0.999703 0.023570 -0.005945 0.999705 -0.000866 -0.003114 0.999995 
-0.000835 -0.003103 0.999995 0.028233 -0.007726 0.999572 0.028325 -0.007076 0.999574 -0.000806 -0.002926 0.999995 
-0.000748 -0.002782 0.999996 0.028530 -0.007807 0.999562 0.028631 -0.007151 0.999564 -0.000717 -0.002603 0.999996 
-0.000669 -0.002486 0.999997 0.026337 -0.007206 0.999627 0.026431 -0.006602 0.999629 -0.000640 -0.002321 0.999997 
-0.000669 -0.002487 0.999997 0.023427 -0.006413 0.999705 0.023505 -0.005874 0.999706 -0.000645 -0.002339 0.999997 
-0.000555 -0.002327 0.999997 0.021165 -0.005140 0.999763 0.021219 -0.004654 0.999764 -0.000537 -0.002194 0.999997 
-0.000352 -0.001938 0.999998 0.022303 -0.004152 0.999743 0.022344 -0.003646 0.999744 -0.000338 -0.001799 0.999998 
-0.000278 -0.001790 0.999998 0.023702 -0.003781 0.999712 0.023737 -0.003246 0.999713 -0.000265 -0.001644 0.999999 
-0.000163 -0.001033 0.999999 0.013440 -0.002185 0.999907 0.013460 -0.001881 0.999908 -0.000156 -0.000949 1.000000 
-0.000037 -0.000211 1.000000 0.000362 -0.000066 1.000000 0.000359 -0.000057 1.000000 -0.000038 -0.000208 1.000000 
0.014812 -0.001311 0.999889 0.001647 -0.000265 0.999999 -0.000245 -0.001320 0.999999 -0.002335 0.007451 0.999970 -0.001785 -0.015780 0.999874 -0.001558 0.004091 0.999990 
0.004142 -0.000330 0.999991 0.001545 -0.000245 0.999999 -0.000223 -0.001213 0.999999 -0.000373 0.001201 0.999999 -0.001149 -0.011042 0.999938 -0.000774 0.002045 0.999998 
0.002640 -0.000195 0.999996 0.002664 -0.000414 0.999996 -0.000444 -0.002463 0.999997 -0.000223 0.000715 1.000000 -0.000907 -0.009240 0.999957 -0.000595 0.001569 0.999999 
0.001545 -0.000114 0.999999 0.002393 -0.000372 0.999997 -0.000362 -0.002008 0.999998 -0.000075 0.000241 1.000000 -0.000832 -0.008479 0.999964 -0.000582 0.001534 0.999999 
0.001313 -0.000097 0.999999 0.007261 -0.001125 0.999973 -0.001100 -0.006123 0.999981 -0.000296 0.000948 1.000000 -0.000731 -0.007441 0.999972 -0.000582 0.001533 0.999999 
0.001863 -0.000139 0.999998 0.008793 -0.001360 0.999960 -0.001191 -0.006633 0.999977 -0.000317 0.001017 0.999999 -0.000684 -0.006924 0.999976 -0.000542 0.001427 0.999999 
0.001671 -0.000126 0.999999 0.008225 -0.001273 0.999965 -0.001041 -0.005802 0.999983 -0.000294 0.000942 1.000000 -0.000612 -0.006155 0.999981 -0.000545 0.001435 0.999999 
0.001499 -0.000114 0.999999 0.008086 -0.001252 0.999967 -0.000981 -0.005465 0.999985 -0.000284 0.000909 1.000000 -0.000555 -0.005523 0.999985 -0.000538 0.001415 0.999999 
0.001351 -0.000104 0.999999 0.007350 -0.001138 0.999972 -0.000885 -0.004928 0.999987 -0.000256 0.000820 1.000000 -0.000510 -0.005027 0.999987 -0.000495 0.001303 0.999999 
0.001219 -0.000094 0.999999 0.006666 -0.001032 0.999977 -0.000798 -0.004441 0.999990 -0.000232 0.000743 1.000000 -0.000473 -0.004661 0.999989 -0.000464 0.001220 0.999999 
0.001101 -0.000085 0.999999 0.006007 -0.000930 0.999982 -0.000718 -0.003995 0.999992 -0.000213 0.000682 1.000000 -0.000441 -0.004333 0.999991 -0.000435 0.001145 0.999999 
0.000961 -0.000075 1.000000 0.006466 -0.001003 0.999979 -0.000280 -0.001556 0.999999 -0.000062 0.000198 1.000000 -0.000409 -0.003997 0.999992 -0.000689 0.001809 0.999998 
0.000853 -0.000067 1.000000 0.005830 -0.000905 0.999983 -0.000254 -0.001413 0.999999 -0.000058 0.000185 1.000000 -0.000388 -0.003793 0.999993 -0.000642 0.001685 0.999998 
0.000756 -0.000059 1.000000 0.005252 -0.000815 0.999986 -0.000231 -0.001285 0.999999 -0.000054 0.000174 1.000000 -0.000370 -0.003612 0.999993 -0.000599 0.001573 0.999999 
0.000654 -0.000051 1.000000 0.004724 -0.000733 0.999989 -0.000211 -0.001171 0.999999 -0.000045 0.000143 1.000000 -0.000376 -0.003666 0.999993 -0.000576 0.001513 0.999999 
0.000578 -0.000045 1.000000 0.004252 -0.000660 0.999991 -0.000192 -0.001069 0.999999 -0.000043 0.000137 1.000000 -0.000376 -0.003671 0.999993 -0.000556 0.001461 0.999999 
0.000507 -0.000040 1.000000 0.003852 -0.000598 0.999992 -0.000176 -0.000978 1.000000 -0.000040 0.000127 1.000000 -0.000386 -0.003762 0.999993 -0.000548 0.001438 0.999999 
0.000414 -0.000032 1.000000 0.003507 -0.000544 0.999994 -0.000162 -0.000898 1.000000 -0.000029 0.000091 1.000000 -0.000412 -0.004015 0.999992 -0.000554 0.001454 0.999999 
0.000253 -0.000020 1.000000 0.003201 -0.000497 0.999995 -0.000148 -0.000824 1.000000 -0.000017 0.000054 1.000000 -0.000438 -0.004258 0.999991 -0.000571 0.001500 0.999999 
0.000076 -0.000006 1.000000 0.002912 -0.000452 0.999996 -0.000136 -0.000757 1.000000 -0.000013 0.000041 1.000000 -0.000445 -0.004330 0.999991 -0.000583 0.001530 0.999999 
-0.000029 0.000002 1.000000 0.002839 -0.000440 0.999996 -0.000202 -0.001124 0.999999 -0.000097 0.000311 1.000000 -0.000454 -0.004415 0.999990 -0.000628 0.001649 0.999998 
-0.000175 0.000014 1.000000 0.002589 -0.000402 0.999997 -0.000185 -0.001027 0.999999 -0.000089 0.000284 1.000000 -0.000460 -0.004474 0.999990 -0.000638 0.001675 0.999998 
-0.000316 0.000025 1.000000 0.002016 -0.000313 0.999998 -0.000025 -0.000139 1.000000 -0.000069 0.000221 1.000000 -0.000480 -0.004663 0.999989 -0.000737 0.001935 0.999998 
-0.000383 0.000030 1.000000 0.001854 -0.000288 0.999998 -0.000026 -0.000145 1.000000 -0.000064 0.000205 1.000000 -0.000486 -0.004716 0.999989 -0.000730 0.001918 0.999998 
-0.000300 0.000024 1.000000 0.002213 -0.000343 0.999997 -0.000232 -0.001291 0.999999 -0.000182 0.000583 1.000000 -0.000495 -0.004805 0.999988 -0.000705 0.001850 0.999998 
-0.000356 0.000028 1.000000 0.000706 -0.000109 1.000000 -0.000214 -0.001189 0.999999 -0.000241 0.000772 1.000000 -0.000499 -0.004842 0.999988 -0.000645 0.001695 0.999998 
-0.000307 0.000024 1.000000 0.000775 -0.000120 1.000000 -0.000347 -0.001927 0.999998 -0.000284 0.000910 1.000000 -0.000504 -0.004896 0.999988 -0.000580 0.001525 0.999999 
-0.000306 0.000024 1.000000 0.000733 -0.000114 1.000000 -0.000316 -0.001756 0.999998 -0.000258 0.000826 1.000000 -0.000508 -0.004929 0.999988 -0.000579 0.001522 0.999999 
-0.000298 0.000023 1.000000 0.000693 -0.000107 1.000000 -0.000289 -0.001605 0.999999 -0.000235 0.000751 1.000000 -0.000511 -0.004957 0.999988 -0.000576 0.001515 0.999999 
-0.000282 0.000022 1.000000 0.000657 -0.000102 1.000000 -0.000264 -0.001468 0.999999 -0.000213 0.000683 1.000000 -0.000513 -0.004979 0.999987 -0.000572 0.001504 0.999999 
-0.000251 0.000020 1.000000 0.000623 -0.000097 1.000000 -0.000242 -0.001346 0.999999 -0.000194 0.000622 1.000000 -0.000515 -0.004997 0.999987 -0.000566 0.001486 0.999999 
-0.000213 0.000017 1.000000 0.000595 -0.000092 1.000000 -0.000222 -0.001233 0.999999 -0.000177 0.000566 1.000000 -0.000516 -0.005010 0.999987 -0.000558 0.001467 0.999999 
-0.000169 0.000013 1.000000 0.000575 -0.000089 1.000000 -0.000204 -0.001135 0.999999 -0.000161 0.000515 1.000000 -0.000517 -0.005018 0.999987 -0.000550 0.001444 0.999999 
-0.000162 0.000013 1.000000 0.000555 -0.000086 1.000000 -0.000188 -0.001047 0.999999 -0.000147 0.000470 1.000000 -0.000517 -0.005018 0.999987 -0.000546 0.001434 0.999999 
-0.000154 0.000012 1.000000 0.000532 -0.000083 1.000000 -0.000174 -0.000966 1.000000 -0.000134 0.000429 1.000000 -0.000516 -0.005009 0.999987 -0.000541 0.001422 0.999999 
-0.000147 0.000012 1.000000 0.000518 -0.000080 1.000000 -0.000160 -0.000889 1.000000 -0.000122 0.000391 1.000000 -0.000514 -0.004992 0.999987 -0.000537 0.001411 0.999999 
-0.000141 0.000011 1.000000 0.000499 -0.000077 1.000000 -0.000147 -0.000820 1.000000 -0.000112 0.000357 1.000000 -0.000512 -0.004969 0.999988 -0.000532 0.001398 0.999999 
-0.000135 0.000011 1.000000 0.000489 -0.000076 1.000000 -0.000136 -0.000758 1.000000 -0.000102 0.000326 1.000000 -0.000510 -0.004945 0.999988 -0.000528 0.001386 0.999999 
-0.000129 0.000010 1.000000 0.000469 -0.000073 1.000000 -0.000126 -0.000703 1.000000 -0.000093 0.000299 1.000000 -0.000507 -0.004923 0.999988 -0.000523 0.001373 0.999999 
-0.000122 0.000010 1.000000 0.000812 -0.000126 1.000000 -0.000411 -0.002288 0.999997 -0.000265 0.000848 1.000000 -0.000511 -0.004956 0.999988 -0.000488 0.001282 0.999999 
-0.000117 0.000009 1.000000 0.001259 -0.000195 0.999999 -0.000238 -0.001321 0.999999 -0.000191 0.000612 1.000000 -0.000508 -0.004929 0.999988 -0.000601 0.001580 0.999999 
-0.000111 0.000009 1.000000 0.001174 -0.000182 0.999999 -0.000218 -0.001213 0.999999 -0.000174 0.000558 1.000000 -0.000507 -0.004920 0.999988 -0.000591 0.001552 0.999999 
-0.000106 0.000008 1.000000 0.001092 -0.000169 0.999999 -0.000201 -0.001116 0.999999 -0.000159 0.000509 1.000000 -0.000506 -0.004913 0.999988 -0.000581 0.001527 0.999999 
-0.000102 0.000008 1.000000 0.001024 -0.000159 0.999999 -0.000184 -0.001026 0.999999 -0.000145 0.000464 1.000000 -0.000506 -0.004905 0.999988 -0.000573 0.001505 0.999999 
-0.000097 0.000008 1.000000 0.000959 -0.000149 1.000000 -0.000170 -0.000945 1.000000 -0.000132 0.000424 1.000000 -0.000505 -0.004896 0.999988 -0.000565 0.001483 0.999999 
-0.000092 0.000007 1.000000 0.000900 -0.000140 1.000000 -0.000157 -0.000874 1.000000 -0.000121 0.000388 1.000000 -0.000503 -0.004885 0.999988 -0.000557 0.001463 0.999999 
-0.000089 0.000007 1.000000 0.000845 -0.000131 1.000000 -0.000145 -0.000809 1.000000 -0.000111 0.000355 1.000000 -0.000502 -0.004871 0.999988 -0.000549 0.001443 0.999999 
-0.000085 0.000007 1.000000 0.000803 -0.000125 1.000000 -0.000135 -0.000750 1.000000 -0.000102 0.000325 1.000000 -0.000500 -0.004856 0.999988 -0.000543 0.001427 0.999999 
-0.000083 0.000007 1.000000 0.000757 -0.000117 1.000000 -0.000125 -0.000697 1.000000 -0.000093 0.000299 1.000000 -0.000499 -0.004842 0.999988 -0.000537 0.001410 0.999999 
-0.000081 0.000006 1.000000 0.000720 -0.000112 1.000000 -0.000117 -0.000648 1.000000 -0.000086 0.000274 1.000000 -0.000498 -0.004828 0.999988 -0.000531 0.001395 0.999999 
-0.000077 0.000006 1.000000 0.000677 -0.000105 1.000000 -0.000108 -0.000601 1.000000 -0.000079 0.000252 1.000000 -0.000496 -0.004814 0.999988 -0.000525 0.001380 0.999999 
-0.000075 0.000006 1.000000 0.000638 -0.000099 1.000000 -0.000101 -0.000561 1.000000 -0.000073 0.000232 1.000000 -0.000495 -0.004802 0.999988 -0.000520 0.001366 0.999999 
-0.000072 0.000006 1.000000 -0.000101 0.000016 1.000000 0.000082 0.000455 1.000000 -0.000070 0.000223 1.000000 -0.000493 -0.004782 0.999988 -0.000598 0.001570 0.999999 
-0.000059 0.000005 1.000000 -0.000079 0.000012 1.000000 0.000071 0.000395 1.000000 -0.000066 0.000210 1.000000 -0.000497 -0.004821 0.999988 -0.000589 0.001546 0.999999 
-0.000029 0.000002 1.000000 0.002526 -0.000391 0.999997 -0.000472 -0.002629 0.999996 -0.000310 0.000993 0.999999 -0.000505 -0.004894 0.999988 -0.000627 0.001646 0.999998 
-0.000031 0.000002 1.000000 0.002311 -0.000358 0.999997 -0.000430 -0.002391 0.999997 -0.000282 0.000902 1.000000 -0.000505 -0.004892 0.999988 -0.000614 0.001612 0.999999 
-0.000030 0.000002 1.000000 0.002124 -0.000329 0.999998 -0.000391 -0.002177 0.999998 -0.000256 0.000820 1.000000 -0.000504 -0.004890 0.999988 -0.000602 0.001583 0.999999 
-0.000030 0.000002 1.000000 0.001948 -0.000302 0.999998 -0.000356 -0.001981 0.999998 -0.000233 0.000746 1.000000 -0.000504 -0.004887 0.999988 -0.000592 0.001555 0.999999 
-0.000031 0.000002 1.000000 0.001792 -0.000278 0.999998 -0.000324 -0.001805 0.999998 -0.000212 0.000678 1.000000 -0.000504 -0.004884 0.999988 -0.000582 0.001530 0.999999 
-0.000031 0.000002 1.000000 0.001645 -0.000255 0.999999 -0.000296 -0.001646 0.999999 -0.000193 0.000618 1.000000 -0.000503 -0.004881 0.999988 -0.000573 0.001506 0.999999 
-0.000031 0.000002 1.000000 0.001511 -0.000234 0.999999 -0.000270 -0.001503 0.999999 -0.000176 0.000564 1.000000 -0.000503 -0.004877 0.999988 -0.000565 0.001484 0.999999 
-0.000031 0.000002 1.000000 0.001392 -0.000216 0.999999 -0.000247 -0.001376 0.999999 -0.000161 0.000515 1.000000 -0.000503 -0.004872 0.999988 -0.000557 0.001463 0.999999 
-0.000032 0.000003 1.000000 0.001286 -0.000199 0.999999 -0.000226 -0.001260 0.999999 -0.000147 0.000470 1.000000 -0.000502 -0.004866 0.999988 -0.000550 0.001444 0.999999 
0.000009 -0.000001 1.000000 0.001263 -0.000196 0.999999 -0.000684 -0.003802 0.999993 -0.000479 0.001533 0.999999 -0.000511 -0.004949 0.999988 -0.000494 0.001299 0.999999 
-0.000003 0.000000 1.000000 0.001169 -0.000181 0.999999 -0.000625 -0.003473 0.999994 -0.000437 0.001398 0.999999 -0.000514 -0.004981 0.999987 -0.000498 0.001309 0.999999 
0.000032 -0.000003 1.000000 0.000519 -0.000081 1.000000 -0.000353 -0.001960 0.999998 -0.000400 0.001280 0.999999 -0.000513 -0.004973 0.999988 -0.000622 0.001634 0.999998 
0.000007 -0.000001 1.000000 0.000497 -0.000077 1.000000 -0.000322 -0.001792 0.999998 -0.000361 0.001156 0.999999 -0.000512 -0.004962 0.999988 -0.000610 0.001602 0.999999 
-0.000004 0.000000 1.000000 0.000482 -0.000075 1.000000 -0.000295 -0.001639 0.999999 -0.000328 0.001048 0.999999 -0.000513 -0.004973 0.999988 -0.000601 0.001578 0.999999 
-0.000031 0.000002 1.000000 -0.000909 0.000141 1.000000 -0.000560 -0.003119 0.999995 -0.000518 0.001658 0.999998 -0.000523 -0.005062 0.999987 -0.000444 0.001166 0.999999 
-0.000012 0.000001 1.000000 -0.000784 0.000122 1.000000 -0.000509 -0.002835 0.999996 -0.000471 0.001507 0.999999 -0.000528 -0.005108 0.999987 -0.000454 0.001192 0.999999 
0.000000 -0.000000 1.000000 -0.000664 0.000103 1.000000 -0.000463 -0.002575 0.999997 -0.000428 0.001369 0.999999 -0.000532 -0.005142 0.999987 -0.000463 0.001217 0.999999 
0.000001 -0.000000 1.000000 -0.000935 0.000145 1.000000 -0.000660 -0.003676 0.999993 -0.000577 0.001846 0.999998 -0.000540 -0.005210 0.999986 -0.000425 0.001117 0.999999 
-0.000022 0.000002 1.000000 0.000729 -0.000113 1.000000 -0.000973 -0.005417 0.999985 -0.000768 0.002458 0.999997 -0.000540 -0.005207 0.999986 -0.000515 0.001353 0.999999 
-0.000019 0.000001 1.000000 0.000699 -0.000108 1.000000 -0.000883 -0.004913 0.999988 -0.000696 0.002229 0.999997 -0.000537 -0.005183 0.999986 -0.000514 0.001352 0.999999 
-0.000021 0.000002 1.000000 0.000224 -0.000035 1.000000 -0.000883 -0.004917 0.999988 -0.000706 0.002261 0.999997 -0.000539 -0.005199 0.999986 -0.000480 0.001260 0.999999 
-0.000019 0.000002 1.000000 0.001193 -0.000185 0.999999 -0.001036 -0.005765 0.999983 -0.000750 0.002399 0.999997 -0.000553 -0.005338 0.999986 -0.000500 0.001315 0.999999 
-0.000019 0.000001 1.000000 0.001609 -0.000249 0.999999 -0.000842 -0.004683 0.999989 -0.000626 0.002002 0.999998 -0.000560 -0.005400 0.999985 -0.000587 0.001542 0.999999 
-0.000020 0.000002 1.000000 0.001484 -0.000230 0.999999 -0.000764 -0.004252 0.999991 -0.000568 0.001816 0.999998 -0.000564 -0.005442 0.999985 -0.000587 0.001542 0.999999 
-0.000024 0.000002 1.000000 0.001379 -0.000214 0.999999 -0.000694 -0.003863 0.999992 -0.000515 0.001646 0.999999 -0.000570 -0.005495 0.999985 -0.000589 0.001546 0.999999 
-0.000028 0.000002 1.000000 0.001272 -0.000197 0.999999 -0.000630 -0.003506 0.999994 -0.000467 0.001493 0.999999 -0.000574 -0.005537 0.999985 -0.000589 0.001548 0.999999 
-0.000031 0.000002 1.000000 0.001178 -0.000183 0.999999 -0.000573 -0.003188 0.999995 -0.000423 0.001355 0.999999 -0.000577 -0.005564 0.999984 -0.000589 0.001546 0.999999 
-0.000033 0.000003 1.000000 0.001097 -0.000170 0.999999 -0.000522 -0.002901 0.999996 -0.000384 0.001230 0.999999 -0.000579 -0.005584 0.999984 -0.000588 0.001544 0.999999 
-0.000027 0.000002 1.000000 -0.000259 0.000040 1.000000 -0.000698 -0.003889 0.999992 -0.000611 0.001955 0.999998 -0.000583 -0.005624 0.999984 -0.000535 0.001407 0.999999 
-0.000013 0.000001 1.000000 -0.000745 0.000115 1.000000 -0.000914 -0.005090 0.999987 -0.000771 0.002469 0.999997 -0.000585 -0.005644 0.999984 -0.000466 0.001226 0.999999 
-0.000001 0.000000 1.000000 0.000167 -0.000026 1.000000 -0.000842 -0.004690 0.999989 -0.000690 0.002208 0.999997 -0.000584 -0.005635 0.999984 -0.000531 0.001395 0.999999 
-0.000000 0.000000 1.000000 0.000185 -0.000029 1.000000 -0.000765 -0.004262 0.999991 -0.000626 0.002004 0.999998 -0.000579 -0.005582 0.999984 -0.000529 0.001390 0.999999 
-0.000001 0.000000 1.000000 0.000197 -0.000031 1.000000 -0.000693 -0.003861 0.999992 -0.000567 0.001817 0.999998 -0.000572 -0.005511 0.999985 -0.000526 0.001382 0.999999 
-0.000002 0.000000 1.000000 0.000206 -0.000032 1.000000 -0.000628 -0.003498 0.999994 -0.000515 0.001648 0.999999 -0.000564 -0.005435 0.999985 -0.000522 0.001373 0.999999 
0.000001 -0.000000 1.000000 -0.000562 0.000087 1.000000 -0.000827 -0.004607 0.999989 -0.000649 0.002079 0.999998 -0.000566 -0.005454 0.999985 -0.000415 0.001092 0.999999 
0.000000 -0.000000 1.000000 -0.000474 0.000073 1.000000 -0.000747 -0.004160 0.999991 -0.000588 0.001884 0.999998 -0.000568 -0.005468 0.999985 -0.000432 0.001137 0.999999 
-0.000000 0.000000 1.000000 0.000044 -0.000007 1.000000 -0.000713 -0.003970 0.999992 -0.000581 0.001861 0.999998 -0.000566 -0.005441 0.999985 -0.000502 0.001319 0.999999 
-0.000000 0.000000 1.000000 0.000145 -0.000023 1.000000 -0.000643 -0.003579 0.999993 -0.000521 0.001669 0.999998 -0.000564 -0.005427 0.999985 -0.000509 0.001339 0.999999 
-0.000000 0.000000 1.000000 0.000899 -0.000139 1.000000 -0.000821 -0.004568 0.999989 -0.000592 0.001894 0.999998 -0.000564 -0.005423 0.999985 -0.000502 0.001319 0.999999 
-0.000001 0.000000 1.000000 0.000868 -0.000135 1.000000 -0.000741 -0.004121 0.999991 -0.000535 0.001714 0.999998 -0.000561 -0.005394 0.999985 -0.000508 0.001335 0.999999 
-0.000000 0.000000 1.000000 0.000437 -0.000068 1.000000 -0.000775 -0.004312 0.999990 -0.000563 0.001802 0.999998 -0.000562 -0.005407 0.999985 -0.000466 0.001225 0.999999 
-0.000000 0.000000 1.000000 0.000436 -0.000068 1.000000 -0.000699 -0.003889 0.999992 -0.000510 0.001631 0.999999 -0.000563 -0.005418 0.999985 -0.000478 0.001257 0.999999 
0.000007 -0.000001 1.000000 0.001565 -0.000243 0.999999 -0.000709 -0.003941 0.999992 -0.000463 0.001482 0.999999 -0.000569 -0.005471 0.999985 -0.000536 0.001410 0.999999 
-0.000001 0.000000 1.000000 0.001439 -0.000223 0.999999 -0.000641 -0.003565 0.999993 -0.000420 0.001342 0.999999 -0.000569 -0.005472 0.999985 -0.000539 0.001417 0.999999 
0.000008 -0.000001 1.000000 0.000877 -0.000135 1.000000 -0.000806 -0.004502 0.999990 -0.000606 0.001939 0.999998 -0.000574 -0.005511 0.999985 -0.000531 0.001395 0.999999 
-0.000002 0.000000 1.000000 0.000826 -0.000127 1.000000 -0.000730 -0.004079 0.999991 -0.000549 0.001755 0.999998 -0.000574 -0.005510 0.999985 -0.000535 0.001404 0.999999 
-0.000005 0.000000 1.000000 0.000775 -0.000120 1.000000 -0.000662 -0.003698 0.999993 -0.000498 0.001592 0.999999 -0.000575 -0.005528 0.999985 -0.000539 0.001415 0.999999 
-0.000006 0.000000 1.000000 0.000741 -0.000114 1.000000 -0.000601 -0.003358 0.999994 -0.000451 0.001444 0.999999 -0.000577 -0.005541 0.999984 -0.000543 0.001425 0.999999 
-0.000008 0.000001 1.000000 0.000697 -0.000108 1.000000 -0.000545 -0.003044 0.999995 -0.000410 0.001311 0.999999 -0.000578 -0.005554 0.999984 -0.000546 0.001434 0.999999 
-0.000010 0.000001 1.000000 0.000665 -0.000103 1.000000 -0.000495 -0.002763 0.999996 -0.000372 0.001190 0.999999 -0.000580 -0.005564 0.999984 -0.000549 0.001442 0.999999 
-0.000011 0.000001 1.000000 0.000637 -0.000098 1.000000 -0.000451 -0.002518 0.999997 -0.000338 0.001081 0.999999 -0.000580 -0.005570 0.999984 -0.000550 0.001446 0.999999 
-0.000013 0.000001 1.000000 0.000608 -0.000094 1.000000 -0.000411 -0.002295 0.999997 -0.000307 0.000983 0.999999 -0.000580 -0.005567 0.999984 -0.000551 0.001446 0.999999 
-0.000011 0.000001 1.000000 0.002131 -0.000329 0.999998 -0.000608 -0.003400 0.999994 -0.000329 0.001051 0.999999 -0.000585 -0.005612 0.999984 -0.000555 0.001458 0.999999 
-0.000010 0.000001 1.000000 0.003050 -0.000471 0.999995 -0.000332 -0.001851 0.999998 -0.000183 0.000586 1.000000 -0.000583 -0.005597 0.999984 -0.000733 0.001923 0.999998 
-0.000007 0.000001 1.000000 0.000754 -0.000116 1.000000 -0.000688 -0.003847 0.999992 -0.000515 0.001648 0.999999 -0.000581 -0.005575 0.999984 -0.000537 0.001409 0.999999 
-0.000003 0.000000 1.000000 0.000377 -0.000058 1.000000 -0.000713 -0.003984 0.999992 -0.000531 0.001700 0.999998 -0.000590 -0.005657 0.999984 -0.000503 0.001321 0.999999 
0.000036 -0.000003 1.000000 0.000605 -0.000093 1.000000 -0.000611 -0.003413 0.999994 -0.000507 0.001621 0.999999 -0.000583 -0.005591 0.999984 -0.000575 0.001509 0.999999 
0.000013 -0.000001 1.000000 0.000573 -0.000088 1.000000 -0.000556 -0.003106 0.999995 -0.000447 0.001430 0.999999 -0.000608 -0.005818 0.999983 -0.000584 0.001533 0.999999 
-0.000012 0.000001 1.000000 0.001679 -0.000259 0.999999 -0.001124 -0.006284 0.999980 -0.000707 0.002262 0.999997 -0.000636 -0.006083 0.999981 -0.000497 0.001305 0.999999 
-0.000011 0.000001 1.000000 0.001361 -0.000210 0.999999 -0.000978 -0.005465 0.999985 -0.000666 0.002132 0.999998 -0.000635 -0.006070 0.999981 -0.000548 0.001440 0.999999 
-0.000010 0.000001 1.000000 0.001273 -0.000196 0.999999 -0.000886 -0.004949 0.999987 -0.000604 0.001932 0.999998 -0.000633 -0.006058 0.999981 -0.000554 0.001456 0.999999 
-0.000010 0.000001 1.000000 0.001188 -0.000183 0.999999 -0.000804 -0.004491 0.999990 -0.000548 0.001753 0.999998 -0.000634 -0.006069 0.999981 -0.000561 0.001473 0.999999 
-0.000012 0.000001 1.000000 0.001106 -0.000170 0.999999 -0.000729 -0.004075 0.999991 -0.000497 0.001591 0.999999 -0.000637 -0.006088 0.999981 -0.000568 0.001491 0.999999 
-0.000011 0.000001 1.000000 0.000209 -0.000032 1.000000 -0.000647 -0.003619 0.999993 -0.000542 0.001735 0.999998 -0.000634 -0.006063 0.999981 -0.000593 0.001556 0.999999 
-0.000009 0.000001 1.000000 0.000218 -0.000034 1.000000 -0.000590 -0.003298 0.999994 -0.000493 0.001577 0.999999 -0.000629 -0.006014 0.999982 -0.000588 0.001545 0.999999 
-0.000009 0.000001 1.000000 0.000232 -0.000036 1.000000 -0.000538 -0.003008 0.999995 -0.000448 0.001434 0.999999 -0.000626 -0.005987 0.999982 -0.000586 0.001540 0.999999 
-0.000009 0.000001 1.000000 0.000247 -0.000038 1.000000 -0.000491 -0.002745 0.999996 -0.000407 0.001304 0.999999 -0.000624 -0.005959 0.999982 -0.000584 0.001535 0.999999 
0.000001 -0.000000 1.000000 -0.000439 0.000068 1.000000 -0.000689 -0.003855 0.999992 -0.000540 0.001729 0.999998 -0.000630 -0.006019 0.999982 -0.000486 0.001278 0.999999 
0.000001 -0.000000 1.000000 -0.001177 0.000181 0.999999 -0.000555 -0.003102 0.999995 -0.000532 0.001703 0.999998 -0.000625 -0.005968 0.999982 -0.000516 0.001357 0.999999 
-0.000003 0.000000 1.000000 0.000540 -0.000083 1.000000 -0.000747 -0.004178 0.999991 -0.000509 0.001628 0.999999 -0.000685 -0.006525 0.999978 -0.000549 0.001443 0.999999 
0.000000 -0.000000 1.000000 0.001894 -0.000292 0.999998 -0.000788 -0.004405 0.999990 -0.000448 0.001434 0.999999 -0.000695 -0.006614 0.999978 -0.000593 0.001558 0.999999 
-0.000001 0.000000 1.000000 0.001779 -0.000274 0.999998 -0.000770 -0.004303 0.999990 -0.000431 0.001378 0.999999 -0.000731 -0.006943 0.999976 -0.000612 0.001607 0.999999 
-0.000000 0.000000 1.000000 0.001634 -0.000252 0.999999 -0.000696 -0.003891 0.999992 -0.000391 0.001252 0.999999 -0.000726 -0.006900 0.999976 -0.000617 0.001620 0.999998 
0.000064 -0.000005 1.000000 0.000786 -0.000121 1.000000 -0.001152 -0.006446 0.999979 -0.000753 0.002412 0.999997 -0.000742 -0.007053 0.999975 -0.000514 0.001350 0.999999 
0.000044 -0.000004 1.000000 0.002567 -0.000396 0.999997 -0.001313 -0.007335 0.999972 -0.000735 0.002355 0.999997 -0.000747 -0.007092 0.999975 -0.000540 0.001418 0.999999 
0.000025 -0.000002 1.000000 0.002410 -0.000372 0.999997 -0.001172 -0.006551 0.999978 -0.000662 0.002121 0.999998 -0.000746 -0.007082 0.999975 -0.000573 0.001504 0.999999 
0.000008 -0.000001 1.000000 0.001581 -0.000244 0.999999 -0.000977 -0.005459 0.999985 -0.000631 0.002021 0.999998 -0.000743 -0.007057 0.999975 -0.000627 0.001647 0.999998 
-0.000001 0.000000 1.000000 0.002033 -0.000314 0.999998 -0.000934 -0.005210 0.999986 -0.000576 0.001844 0.999998 -0.000737 -0.007003 0.999975 -0.000649 0.001706 0.999998 
-0.000001 0.000000 1.000000 0.002465 -0.000381 0.999997 -0.000941 -0.005246 0.999986 -0.000542 0.001734 0.999998 -0.000736 -0.006986 0.999975 -0.000649 0.001706 0.999998 
-0.000001 0.000000 1.000000 0.002265 -0.000350 0.999997 -0.000853 -0.004757 0.999988 -0.000492 0.001573 0.999999 -0.000733 -0.006965 0.999975 -0.000653 0.001714 0.999998 
-0.000003 0.000000 1.000000 0.002210 -0.000342 0.999997 -0.000834 -0.004649 0.999989 -0.000472 0.001511 0.999999 -0.000733 -0.006964 0.999975 -0.000644 0.001693 0.999998 
-0.000002 0.000000 1.000000 0.002394 -0.000370 0.999997 -0.000813 -0.004529 0.999989 -0.000440 0.001408 0.999999 -0.000734 -0.006971 0.999975 -0.000649 0.001705 0.999998 
-0.000002 0.000000 1.000000 0.004142 -0.000640 0.999991 -0.001035 -0.005771 0.999983 -0.000463 0.001480 0.999999 -0.000741 -0.007033 0.999975 -0.000657 0.001726 0.999998 
-0.000015 0.000001 1.000000 0.006425 -0.000993 0.999979 -0.001091 -0.006084 0.999981 -0.000427 0.001364 0.999999 -0.000754 -0.007168 0.999974 -0.000809 0.002123 0.999997 
-0.000011 0.000001 1.000000 0.006951 -0.001075 0.999975 -0.001481 -0.008257 0.999965 -0.000616 0.001969 0.999998 -0.000760 -0.007220 0.999974 -0.000723 0.001898 0.999998 
-0.000009 0.000001 1.000000 0.006310 -0.000975 0.999980 -0.001340 -0.007471 0.999971 -0.000560 0.001789 0.999998 -0.000758 -0.007203 0.999974 -0.000723 0.001896 0.999998 
-0.000007 0.000001 1.000000 0.005735 -0.000887 0.999983 -0.001214 -0.006766 0.999976 -0.000509 0.001625 0.999999 -0.000751 -0.007135 0.999974 -0.000716 0.001880 0.999998 
-0.000006 0.000000 1.000000 0.005204 -0.000805 0.999986 -0.001098 -0.006121 0.999981 -0.000458 0.001463 0.999999 -0.000752 -0.007145 0.999974 -0.000713 0.001871 0.999998 
-0.000001 0.000000 1.000000 0.005107 -0.000790 0.999987 -0.000866 -0.004824 0.999988 -0.000381 0.001216 0.999999 -0.000739 -0.007016 0.999975 -0.000810 0.002126 0.999997 
0.000000 -0.000000 1.000000 0.004637 -0.000717 0.999989 -0.000785 -0.004374 0.999990 -0.000347 0.001107 0.999999 -0.000714 -0.006776 0.999977 -0.000776 0.002036 0.999998 
-0.000000 0.000000 1.000000 0.004204 -0.000650 0.999991 -0.000711 -0.003963 0.999992 -0.000316 0.001010 0.999999 -0.000696 -0.006607 0.999978 -0.000750 0.001969 0.999998 
0.000000 -0.000000 1.000000 0.003829 -0.000593 0.999992 -0.000633 -0.003524 0.999994 -0.000283 0.000904 1.000000 -0.000681 -0.006468 0.999979 -0.000735 0.001927 0.999998 
-0.000000 0.000000 1.000000 0.003487 -0.000540 0.999994 -0.000575 -0.003201 0.999995 -0.000258 0.000824 1.000000 -0.000670 -0.006356 0.999980 -0.000715 0.001875 0.999998 
0.000000 -0.000000 1.000000 0.003182 -0.000493 0.999995 -0.000523 -0.002911 0.999996 -0.000235 0.000751 1.000000 -0.000661 -0.006268 0.999980 -0.000698 0.001832 0.999998 
-0.000000 0.000000 1.000000 0.002637 -0.000408 0.999996 -0.000507 -0.002821 0.999996 -0.000247 0.000790 1.000000 -0.000712 -0.006737 0.999977 -0.000717 0.001880 0.999998 
-0.000000 0.000000 1.000000 0.002920 -0.000452 0.999996 -0.000540 -0.003005 0.999995 -0.000242 0.000771 1.000000 -0.000712 -0.006738 0.999977 -0.000710 0.001863 0.999998 
-0.000000 0.000000 1.000000 0.003525 -0.000546 0.999994 -0.000621 -0.003454 0.999994 -0.000247 0.000789 1.000000 -0.000714 -0.006756 0.999977 -0.000708 0.001857 0.999998 
0.000000 -0.000000 1.000000 0.009239 -0.001431 0.999956 -0.001348 -0.007503 0.999971 -0.000413 0.001317 0.999999 -0.000742 -0.007023 0.999975 -0.000835 0.002187 0.999997 
-0.000000 0.000000 1.000000 0.010810 -0.001674 0.999940 -0.001635 -0.009095 0.999957 -0.000576 0.001835 0.999998 -0.000760 -0.007188 0.999974 -0.000923 0.002416 0.999997 
-0.000000 0.000000 1.000000 0.009440 -0.001464 0.999954 -0.001398 -0.007771 0.999969 -0.000581 0.001850 0.999998 -0.000756 -0.007150 0.999974 -0.000992 0.002599 0.999996 
-0.000000 0.000000 1.000000 0.008548 -0.001326 0.999963 -0.001266 -0.007036 0.999974 -0.000529 0.001682 0.999998 -0.000745 -0.007039 0.999975 -0.000955 0.002501 0.999996 
-0.000000 0.000000 1.000000 0.007757 -0.001203 0.999969 -0.001148 -0.006381 0.999979 -0.000477 0.001518 0.999999 -0.000738 -0.006976 0.999975 -0.000921 0.002412 0.999997 
-0.000001 0.000000 1.000000 0.007047 -0.001093 0.999975 -0.001033 -0.005743 0.999983 -0.000431 0.001370 0.999999 -0.000725 -0.006852 0.999976 -0.000891 0.002334 0.999997 
-0.000000 0.000000 1.000000 0.008765 -0.001367 0.999961 -0.001160 -0.006416 0.999979 -0.000416 0.001320 0.999999 -0.000736 -0.006954 0.999976 -0.000950 0.002485 0.999996 
-0.000000 0.000000 1.000000 0.010002 -0.001560 0.999949 -0.001322 -0.007314 0.999972 -0.000442 0.001404 0.999999 -0.000741 -0.007000 0.999975 -0.000964 0.002520 0.999996 
-0.000000 0.000000 1.000000 0.009065 -0.001414 0.999958 -0.001199 -0.006631 0.999977 -0.000402 0.001278 0.999999 -0.000736 -0.006957 0.999976 -0.000933 0.002441 0.999997 
-0.000000 0.000000 1.000000 0.008234 -0.001284 0.999965 -0.001087 -0.006016 0.999981 -0.000355 0.001128 0.999999 -0.000757 -0.007149 0.999974 -0.000918 0.002402 0.999997 
-0.000000 0.000000 1.000000 0.010390 -0.001620 0.999945 -0.001386 -0.007664 0.999970 -0.000414 0.001313 0.999999 -0.000766 -0.007230 0.999974 -0.000942 0.002462 0.999997 
0.000000 -0.000000 1.000000 0.009736 -0.001519 0.999951 -0.001168 -0.006456 0.999978 -0.000346 0.001098 0.999999 -0.000760 -0.007161 0.999974 -0.000989 0.002583 0.999996 
-0.000000 0.000000 1.000000 0.009965 -0.001554 0.999949 -0.001443 -0.007982 0.999967 -0.000534 0.001694 0.999998 -0.000764 -0.007207 0.999974 -0.000970 0.002534 0.999996 
-0.000003 0.000000 1.000000 0.009031 -0.001408 0.999958 -0.001307 -0.007229 0.999973 -0.000476 0.001509 0.999999 -0.000778 -0.007327 0.999973 -0.000948 0.002477 0.999996 
-0.000000 0.000000 1.000000 0.008203 -0.001279 0.999966 -0.001185 -0.006555 0.999978 -0.000432 0.001371 0.999999 -0.000759 -0.007154 0.999974 -0.000910 0.002379 0.999997 
-0.000001 0.000000 1.000000 0.007462 -0.001164 0.999971 -0.001076 -0.005951 0.999982 -0.000393 0.001246 0.999999 -0.000743 -0.007002 0.999975 -0.000877 0.002291 0.999997 
-0.000000 0.000000 1.000000 0.007721 -0.001206 0.999969 -0.000812 -0.004489 0.999990 -0.000267 0.000845 1.000000 -0.000733 -0.006903 0.999976 -0.000989 0.002584 0.999996 
-0.000001 0.000000 1.000000 0.007009 -0.001095 0.999975 -0.000737 -0.004072 0.999991 -0.000243 0.000771 1.000000 -0.000710 -0.006681 0.999977 -0.000939 0.002454 0.999997 
0.000010 -0.000001 1.000000 0.006920 -0.001080 0.999975 -0.000920 -0.005088 0.999987 -0.000321 0.001017 0.999999 -0.000721 -0.006794 0.999977 -0.000863 0.002254 0.999997 
0.000064 -0.000005 1.000000 0.008970 -0.001399 0.999959 -0.001202 -0.006652 0.999977 -0.000376 0.001190 0.999999 -0.000720 -0.006787 0.999977 -0.000869 0.002268 0.999997 
0.000048 -0.000004 1.000000 0.010057 -0.001569 0.999948 -0.001639 -0.009061 0.999958 -0.000701 0.002218 0.999997 -0.000733 -0.006902 0.999976 -0.000943 0.002462 0.999997 
0.000049 -0.000004 1.000000 0.009124 -0.001424 0.999957 -0.001483 -0.008201 0.999965 -0.000631 0.001999 0.999998 -0.000729 -0.006857 0.999976 -0.000910 0.002377 0.999997 
0.000024 -0.000002 1.000000 0.009975 -0.001557 0.999949 -0.001775 -0.009813 0.999950 -0.000836 0.002646 0.999996 -0.000720 -0.006778 0.999977 -0.000947 0.002472 0.999996 
0.000006 -0.000001 1.000000 0.009061 -0.001414 0.999958 -0.001609 -0.008897 0.999959 -0.000756 0.002394 0.999997 -0.000700 -0.006588 0.999978 -0.000903 0.002358 0.999997 
-0.000001 0.000000 1.000000 0.008232 -0.001285 0.999965 -0.001458 -0.008062 0.999966 -0.000686 0.002170 0.999997 -0.000687 -0.006471 0.999979 -0.000870 0.002271 0.999997 
-0.000002 0.000000 1.000000 0.007467 -0.001166 0.999971 -0.001307 -0.007223 0.999973 -0.000613 0.001940 0.999998 -0.000689 -0.006495 0.999979 -0.000854 0.002229 0.999997 
0.000033 -0.000003 1.000000 0.008752 -0.001368 0.999961 -0.001466 -0.008098 0.999966 -0.000694 0.002196 0.999997 -0.000693 -0.006532 0.999978 -0.000924 0.002411 0.999997 
