-0.000518 0.000083 1.000000 0.000497 0.003180 0.999995 0.000566 0.003156 0.999995 -0.000499 0.000077 1.000000 
-0.000468 0.000075 1.000000 0.000367 0.002349 0.999997 0.000418 0.002330 0.999997 -0.000454 0.000070 1.000000 
-0.000957 0.000154 1.000000 0.000334 0.002135 0.999998 0.000377 0.002105 0.999998 -0.000944 0.000146 1.000000 
-0.001029 0.000165 0.999999 -0.000150 -0.000959 1.000000 -0.000175 -0.000978 1.000000 -0.001035 0.000160 0.999999 
-0.000442 0.000071 1.000000 -0.000169 -0.001083 0.999999 -0.000195 -0.001089 0.999999 -0.000449 0.000069 1.000000 
-0.000394 0.000063 1.000000 -0.000155 -0.000995 0.999999 -0.000179 -0.001000 0.999999 -0.000400 0.000062 1.000000 
-0.000348 0.000056 1.000000 -0.000145 -0.000927 1.000000 -0.000167 -0.000931 1.000000 -0.000354 0.000055 1.000000 
0.000596 -0.000096 1.000000 -0.000236 -0.001512 0.999999 -0.000267 -0.001493 0.999999 0.000588 -0.000091 1.000000 
0.002615 -0.000419 0.999996 -0.000651 -0.004176 0.999991 -0.000733 -0.004102 0.999991 0.002592 -0.000399 0.999997 
0.000657 -0.000105 1.000000 -0.000801 -0.005141 0.999986 -0.000913 -0.005106 0.999987 0.000626 -0.000097 1.000000 
0.000634 -0.000102 1.000000 -0.000811 -0.005203 0.999986 -0.000924 -0.005168 0.999986 0.000603 -0.000093 1.000000 
0.000806 -0.000129 1.000000 -0.001014 -0.006495 0.999978 -0.001156 -0.006452 0.999979 0.000767 -0.000118 1.000000 
0.000758 -0.000122 1.000000 -0.001509 -0.009662 0.999952 -0.001721 -0.009608 0.999952 0.000700 -0.000108 1.000000 
0.000721 -0.000116 1.000000 -0.002120 -0.013572 0.999906 -0.002419 -0.013504 0.999906 0.000638 -0.000099 1.000000 
0.000694 -0.000111 1.000000 -0.002831 -0.018128 0.999832 -0.003232 -0.018042 0.999832 0.000584 -0.000090 1.000000 
0.002227 -0.000360 0.999997 -0.003115 -0.019833 0.999798 -0.003547 -0.019706 0.999800 0.002108 -0.000327 0.999998 
0.002050 -0.000331 0.999998 -0.003074 -0.019585 0.999803 -0.003501 -0.019463 0.999804 0.001933 -0.000300 0.999998 
0.001851 -0.000299 0.999998 -0.002183 -0.013912 0.999901 -0.002485 -0.013817 0.999901 0.001768 -0.000274 0.999998 
0.001644 -0.000265 0.999999 -0.001949 -0.012423 0.999921 -0.002218 -0.012338 0.999921 0.001569 -0.000243 0.999999 
0.001486 -0.000240 0.999999 -0.002213 -0.014104 0.999898 -0.002520 -0.014016 0.999899 0.001401 -0.000217 0.999999 
0.001116 -0.000272 0.999999 -0.001685 -0.007044 0.999974 -0.001835 -0.006978 0.999974 0.001074 -0.000255 0.999999 
-0.000029 0.000010 1.000000 0.000019 0.000057 1.000000 0.000020 0.000056 1.000000 -0.000028 0.000009 1.000000 
-0.000006 0.000002 1.000000 0.000363 0.001009 0.999999 0.000385 0.001000 0.999999 0.000001 -0.000000 1.000000 
0.002364 -0.000813 0.999997 -0.000236 -0.000696 1.000000 -0.000233 -0.000638 1.000000 0.002365 -0.000797 0.999997 
0.002261 -0.000598 0.999997 -0.000151 -0.000580 1.000000 -0.000149 -0.000526 1.000000 0.002261 -0.000583 0.999997 
0.007491 -0.001777 0.999970 -0.001882 -0.008089 0.999966 -0.002019 -0.007877 0.999967 0.007453 -0.001719 0.999971 
-0.036121 -0.013119 0.999261 -0.000803 -0.003145 0.999995 0.000173 -0.000103 1.000000 0.013513 -0.036830 0.999230 0.000651 -0.000150 1.000000 -0.045422 0.015664 0.998845 
-0.009281 -0.003349 0.999951 -0.000558 -0.002186 0.999997 0.000218 -0.000130 1.000000 0.013177 -0.036271 0.999255 0.000557 -0.000128 1.000000 -0.024434 0.008415 0.999666 
-0.000758 -0.000271 1.000000 -0.000525 -0.002008 0.999998 0.001383 -0.000828 0.999999 0.013991 -0.038975 0.999142 0.002998 -0.000708 0.999995 -0.019144 0.006621 0.999795 
-0.004761 -0.001674 0.999987 -0.000520 -0.001914 0.999998 0.007302 -0.004414 0.999964 0.015663 -0.044266 0.998897 0.011240 -0.002764 0.999933 -0.021422 0.007450 0.999743 
-0.004252 -0.001489 0.999990 -0.000509 -0.001844 0.999998 0.011407 -0.006933 0.999911 0.016186 -0.045929 0.998814 0.020546 -0.005145 0.999776 -0.022170 0.007736 0.999724 
-0.003903 -0.001365 0.999991 -0.000412 -0.001479 0.999999 0.015345 -0.009354 0.999839 0.016516 -0.046948 0.998761 0.029394 -0.007427 0.999540 -0.022784 0.007967 0.999709 
-0.003623 -0.001266 0.999993 -0.000331 -0.001186 0.999999 0.018995 -0.011582 0.999752 0.016694 -0.047454 0.998734 0.037386 -0.009468 0.999256 -0.022977 0.008034 0.999704 
-0.003222 -0.001126 0.999994 -0.000237 -0.000844 1.000000 0.021515 -0.013133 0.999682 0.016576 -0.047121 0.998752 0.042977 -0.010930 0.999016 -0.022752 0.007956 0.999709 
-0.002856 -0.000998 0.999995 0.000087 0.000308 1.000000 0.022751 -0.013895 0.999645 0.016092 -0.045749 0.998823 0.045429 -0.011578 0.998900 -0.022168 0.007751 0.999724 
-0.002658 -0.000930 0.999996 0.000609 0.002170 0.999997 0.022900 -0.013985 0.999640 0.015260 -0.043347 0.998944 0.045208 -0.011519 0.998911 -0.021306 0.007447 0.999745 
-0.002446 -0.000856 0.999997 0.000996 0.003555 0.999993 0.022133 -0.013515 0.999664 0.014138 -0.040142 0.999094 0.043199 -0.011003 0.999006 -0.019956 0.006973 0.999777 
-0.002166 -0.000762 0.999997 0.000944 0.003388 0.999994 0.020261 -0.012365 0.999718 0.012686 -0.035865 0.999276 0.039523 -0.010006 0.999169 -0.017828 0.006234 0.999822 
-0.001914 -0.000680 0.999998 0.000844 0.003067 0.999995 0.017467 -0.010646 0.999791 0.010914 -0.030558 0.999473 0.033931 -0.008471 0.999388 -0.015201 0.005328 0.999870 
-0.001446 -0.000522 0.999999 0.000686 0.002548 0.999997 0.013753 -0.008367 0.999870 0.008779 -0.024158 0.999670 0.026695 -0.006503 0.999622 -0.012034 0.004237 0.999919 
-0.000527 -0.000195 1.000000 0.000502 0.001922 0.999998 0.009349 -0.005676 0.999940 0.006359 -0.017094 0.999834 0.018497 -0.004359 0.999819 -0.008530 0.003023 0.999959 
0.000509 0.000193 1.000000 0.000306 0.001212 0.999999 0.004464 -0.002705 0.999986 0.003742 -0.009804 0.999945 0.009437 -0.002140 0.999953 -0.004916 0.001757 0.999986 
0.001807 0.000707 0.999998 0.000109 0.000449 1.000000 -0.000829 0.000502 1.000000 0.000745 -0.001895 0.999998 -0.000209 0.000045 1.000000 -0.000959 0.000346 0.999999 
0.002377 0.000934 0.999997 0.000485 0.002011 0.999998 -0.000896 0.000543 0.999999 0.000011 -0.000028 1.000000 0.000899 -0.000194 1.000000 -0.001256 0.000456 0.999999 
0.004253 0.001667 0.999990 0.000415 0.001729 0.999998 -0.002530 0.001547 0.999996 -0.000959 0.002434 0.999997 0.000946 -0.000203 1.000000 -0.001119 0.000415 0.999999 
0.006747 0.002643 0.999974 0.000579 0.002418 0.999997 -0.005369 0.003323 0.999980 -0.002781 0.007059 0.999971 -0.000062 0.000013 1.000000 -0.001079 0.000410 0.999999 
0.009342 0.003655 0.999950 0.000892 0.003740 0.999993 -0.007109 0.004443 0.999965 -0.004140 0.010521 0.999936 0.001843 -0.000393 0.999998 -0.002227 0.000864 0.999997 
0.011228 0.004390 0.999927 0.001122 0.004723 0.999988 -0.009148 0.005760 0.999942 -0.005195 0.013213 0.999899 0.000277 -0.000059 1.000000 -0.002059 0.000811 0.999998 
0.012052 0.004709 0.999916 0.001681 0.007101 0.999973 -0.010426 0.006583 0.999924 -0.005802 0.014763 0.999874 -0.001515 0.000320 0.999999 -0.002541 0.001008 0.999996 
0.012499 0.004881 0.999910 0.001875 0.007938 0.999967 -0.010713 0.006769 0.999920 -0.005977 0.015217 0.999866 -0.001384 0.000292 0.999999 -0.002934 0.001166 0.999995 
0.012335 0.004815 0.999912 0.002100 0.008906 0.999958 -0.009947 0.006281 0.999931 -0.005680 0.014469 0.999879 0.000423 -0.000089 1.000000 -0.003985 0.001584 0.999991 
0.011939 0.004654 0.999918 0.001917 0.008129 0.999965 -0.009320 0.005885 0.999939 -0.005075 0.012946 0.999903 0.000383 -0.000081 1.000000 -0.003630 0.001443 0.999992 
0.011472 0.004463 0.999924 0.001733 0.007350 0.999971 -0.008555 0.005402 0.999949 -0.004325 0.011054 0.999930 0.000352 -0.000074 1.000000 -0.003293 0.001309 0.999994 
0.010910 0.004238 0.999932 0.001570 0.006653 0.999977 -0.007873 0.004972 0.999957 -0.003477 0.008901 0.999954 -0.000144 0.000030 1.000000 -0.002993 0.001190 0.999995 
0.010469 0.004064 0.999937 0.001444 0.006120 0.999980 -0.006929 0.004376 0.999966 -0.002577 0.006601 0.999975 -0.000023 0.000005 1.000000 -0.002783 0.001106 0.999996 
0.010264 0.003984 0.999939 0.001308 0.005541 0.999984 -0.006130 0.003871 0.999974 -0.001683 0.004313 0.999989 -0.000002 0.000000 1.000000 -0.002522 0.001002 0.999996 
0.010093 0.003917 0.999941 0.001143 0.004843 0.999988 -0.005399 0.003410 0.999980 -0.000861 0.002208 0.999997 0.000156 -0.000033 1.000000 -0.002301 0.000915 0.999997 
0.009598 0.003731 0.999947 0.001073 0.004549 0.999989 -0.004735 0.002989 0.999984 -0.000361 0.000924 1.000000 0.001302 -0.000274 0.999999 -0.002956 0.001175 0.999995 
0.008948 0.003482 0.999954 0.000966 0.004096 0.999991 -0.004273 0.002698 0.999987 -0.000085 0.000217 1.000000 0.001192 -0.000251 0.999999 -0.002763 0.001098 0.999996 
0.008285 0.003224 0.999960 0.000869 0.003684 0.999993 -0.003955 0.002497 0.999989 -0.000051 0.000129 1.000000 0.001090 -0.000230 0.999999 -0.002531 0.001006 0.999996 
0.007720 0.003004 0.999966 0.000781 0.003311 0.999994 -0.003656 0.002308 0.999991 0.000095 -0.000242 1.000000 0.000987 -0.000208 0.999999 -0.002414 0.000959 0.999997 
0.007271 0.002830 0.999970 0.000698 0.002960 0.999995 -0.003450 0.002178 0.999992 0.000096 -0.000246 1.000000 0.000894 -0.000188 1.000000 -0.002191 0.000871 0.999997 
0.006921 0.002695 0.999972 0.000626 0.002655 0.999996 -0.003290 0.002078 0.999992 0.000089 -0.000226 1.000000 0.000812 -0.000171 1.000000 -0.001985 0.000789 0.999998 
0.006637 0.002585 0.999975 0.000562 0.002384 0.999997 -0.003167 0.002000 0.999993 0.000089 -0.000228 1.000000 0.000744 -0.000157 1.000000 -0.001825 0.000725 0.999998 
0.006317 0.002462 0.999977 0.000641 0.002712 0.999996 -0.002647 0.001671 0.999995 0.000091 -0.000232 1.000000 0.002748 -0.000580 0.999996 -0.002873 0.001141 0.999995 
0.006099 0.002378 0.999979 0.000579 0.002453 0.999997 -0.002733 0.001726 0.999995 0.000075 -0.000190 1.000000 0.002128 -0.000449 0.999998 -0.002579 0.001024 0.999996 
0.005952 0.002322 0.999980 0.000502 0.002126 0.999998 -0.002651 0.001674 0.999995 0.000096 -0.000244 1.000000 0.002953 -0.000622 0.999995 -0.003044 0.001209 0.999995 
0.005768 0.002250 0.999981 0.000187 0.000791 1.000000 -0.002448 0.001545 0.999996 0.000113 -0.000289 1.000000 0.005346 -0.001127 0.999985 -0.004019 0.001596 0.999991 
0.005479 0.002139 0.999983 0.000146 0.000620 1.000000 -0.002558 0.001615 0.999995 0.000093 -0.000238 1.000000 0.004521 -0.000953 0.999989 -0.003704 0.001472 0.999992 
0.005318 0.002076 0.999984 0.000124 0.000525 1.000000 -0.002501 0.001579 0.999996 0.000084 -0.000213 1.000000 0.004094 -0.000863 0.999991 -0.003361 0.001335 0.999993 
0.005267 0.002056 0.999984 0.000108 0.000456 1.000000 -0.002497 0.001576 0.999996 0.000049 -0.000125 1.000000 0.003718 -0.000784 0.999993 -0.003037 0.001206 0.999995 
0.005277 0.002060 0.999984 0.000096 0.000407 1.000000 -0.002514 0.001587 0.999996 0.000026 -0.000066 1.000000 0.003383 -0.000713 0.999994 -0.002755 0.001095 0.999996 
0.005321 0.002078 0.999984 0.000085 0.000361 1.000000 -0.002538 0.001602 0.999995 0.000032 -0.000082 1.000000 0.003078 -0.000649 0.999995 -0.002520 0.001001 0.999996 
0.005363 0.002094 0.999983 0.000076 0.000323 1.000000 -0.002559 0.001615 0.999995 0.000042 -0.000106 1.000000 0.002804 -0.000591 0.999996 -0.002311 0.000918 0.999997 
0.005406 0.002111 0.999983 0.000069 0.000291 1.000000 -0.002580 0.001629 0.999995 0.000049 -0.000125 1.000000 0.002554 -0.000538 0.999997 -0.002121 0.000843 0.999997 
0.005430 0.002121 0.999983 0.000172 0.000729 1.000000 -0.002521 0.001591 0.999996 0.000056 -0.000143 1.000000 0.003158 -0.000665 0.999995 -0.002672 0.001061 0.999996 
0.005442 0.002127 0.999983 0.000153 0.000647 1.000000 -0.002538 0.001601 0.999995 0.000069 -0.000175 1.000000 0.002865 -0.000604 0.999996 -0.002449 0.000973 0.999997 
0.005450 0.002130 0.999983 0.000138 0.000586 1.000000 -0.002546 0.001607 0.999995 0.000082 -0.000208 1.000000 0.002609 -0.000550 0.999996 -0.002254 0.000895 0.999997 
0.005452 0.002131 0.999983 0.000125 0.000530 1.000000 -0.002552 0.001610 0.999995 0.000093 -0.000236 1.000000 0.002373 -0.000500 0.999997 -0.002075 0.000824 0.999998 
0.005438 0.002126 0.999983 -0.000124 -0.000525 1.000000 -0.002752 0.001737 0.999995 0.000095 -0.000242 1.000000 0.002576 -0.000543 0.999997 -0.002066 0.000821 0.999998 
0.005434 0.002124 0.999983 -0.000111 -0.000469 1.000000 -0.002735 0.001727 0.999995 0.000094 -0.000239 1.000000 0.002345 -0.000494 0.999997 -0.001895 0.000753 0.999998 
0.005451 0.002131 0.999983 -0.000099 -0.000419 1.000000 -0.002737 0.001728 0.999995 0.000070 -0.000178 1.000000 0.002138 -0.000451 0.999998 -0.001723 0.000685 0.999998 
0.005479 0.002142 0.999983 0.000265 0.001121 0.999999 -0.002303 0.001453 0.999996 0.000041 -0.000103 1.000000 0.003834 -0.000808 0.999992 -0.002945 0.001169 0.999995 
0.005471 0.002139 0.999983 0.000238 0.001008 0.999999 -0.002341 0.001477 0.999996 0.000062 -0.000159 1.000000 0.003452 -0.000727 0.999994 -0.002704 0.001073 0.999996 
0.005440 0.002128 0.999983 0.000209 0.000888 1.000000 -0.002369 0.001494 0.999996 0.000081 -0.000205 1.000000 0.003103 -0.000654 0.999995 -0.002481 0.000985 0.999996 
0.005396 0.002111 0.999983 0.000182 0.000772 1.000000 -0.002388 0.001506 0.999996 0.000100 -0.000255 1.000000 0.002787 -0.000587 0.999996 -0.002281 0.000906 0.999997 
0.005369 0.002101 0.999983 0.000159 0.000673 1.000000 -0.002410 0.001520 0.999996 0.000110 -0.000279 1.000000 0.002502 -0.000527 0.999997 -0.002091 0.000830 0.999997 
0.005370 0.002102 0.999983 0.000138 0.000586 1.000000 -0.002433 0.001535 0.999996 0.000116 -0.000296 1.000000 0.002263 -0.000477 0.999997 -0.001918 0.000762 0.999998 
0.005396 0.002112 0.999983 0.000121 0.000513 1.000000 -0.002465 0.001555 0.999996 0.000124 -0.000315 1.000000 0.002047 -0.000431 0.999998 -0.001765 0.000701 0.999998 
0.005434 0.002127 0.999983 0.000106 0.000451 1.000000 -0.002498 0.001576 0.999996 0.000132 -0.000336 1.000000 0.001854 -0.000391 0.999998 -0.001628 0.000647 0.999998 
0.005474 0.002143 0.999983 0.000092 0.000389 1.000000 -0.002533 0.001598 0.999996 0.000143 -0.000362 1.000000 0.001677 -0.000353 0.999999 -0.001507 0.000598 0.999999 
0.005515 0.002159 0.999982 0.000077 0.000328 1.000000 -0.002567 0.001620 0.999995 0.000154 -0.000392 1.000000 0.001520 -0.000320 0.999999 -0.001400 0.000556 0.999999 
0.005552 0.002173 0.999982 0.000067 0.000283 1.000000 -0.002592 0.001635 0.999995 0.000165 -0.000420 1.000000 0.001387 -0.000292 0.999999 -0.001306 0.000519 0.999999 
0.005582 0.002185 0.999982 0.000110 0.000467 1.000000 -0.002530 0.001595 0.999996 0.000166 -0.000421 1.000000 0.002385 -0.000502 0.999997 -0.002008 0.000797 0.999998 
0.005608 0.002196 0.999982 0.000096 0.000407 1.000000 -0.002566 0.001618 0.999995 0.000166 -0.000423 1.000000 0.002147 -0.000452 0.999998 -0.001843 0.000732 0.999998 
0.005667 0.002219 0.999981 0.000083 0.000352 1.000000 -0.002610 0.001646 0.999995 0.000172 -0.000437 1.000000 0.001944 -0.000409 0.999998 -0.001701 0.000675 0.999998 
0.005724 0.002242 0.999981 0.000071 0.000301 1.000000 -0.002652 0.001672 0.999995 0.000179 -0.000454 1.000000 0.001762 -0.000371 0.999998 -0.001574 0.000625 0.999999 
0.005779 0.002263 0.999981 0.000059 0.000252 1.000000 -0.002692 0.001697 0.999995 0.000188 -0.000477 1.000000 0.001597 -0.000336 0.999999 -0.001462 0.000580 0.999999 
0.005828 0.002283 0.999980 0.000049 0.000208 1.000000 -0.002725 0.001718 0.999995 0.000197 -0.000501 1.000000 0.001453 -0.000306 0.999999 -0.001363 0.000541 0.999999 
0.005845 0.002290 0.999980 -0.000162 -0.000687 1.000000 -0.002912 0.001837 0.999994 0.000192 -0.000486 1.000000 0.001696 -0.000357 0.999998 -0.001404 0.000558 0.999999 
0.005882 0.002305 0.999980 -0.000142 -0.000604 1.000000 -0.002916 0.001839 0.999994 0.000189 -0.000480 1.000000 0.001545 -0.000325 0.999999 -0.001306 0.000519 0.999999 
0.005974 0.002340 0.999979 -0.000127 -0.000538 1.000000 -0.002954 0.001863 0.999994 0.000166 -0.000422 1.000000 0.001408 -0.000296 0.999999 -0.001197 0.000476 0.999999 
0.006015 0.002356 0.999979 0.000423 0.001800 0.999998 -0.002488 0.001567 0.999996 0.000114 -0.000290 1.000000 0.002991 -0.000627 0.999995 -0.002618 0.001039 0.999996 
0.006046 0.002369 0.999979 0.000384 0.001633 0.999999 -0.002540 0.001600 0.999995 0.000118 -0.000300 1.000000 0.002715 -0.000569 0.999996 -0.002400 0.000953 0.999997 
0.006089 0.002386 0.999979 0.000347 0.001478 0.999999 -0.002593 0.001633 0.999995 0.000146 -0.000371 1.000000 0.002461 -0.000516 0.999997 -0.002227 0.000884 0.999997 
0.006107 0.002394 0.999978 0.000569 0.002421 0.999997 -0.002372 0.001494 0.999996 0.000122 -0.000310 1.000000 0.002981 -0.000625 0.999995 -0.002653 0.001053 0.999996 
0.006058 0.002375 0.999979 0.000510 0.002173 0.999998 -0.002413 0.001519 0.999996 0.000164 -0.000417 1.000000 0.002677 -0.000561 0.999996 -0.002469 0.000980 0.999996 
0.005997 0.002351 0.999979 0.000458 0.001949 0.999998 -0.002434 0.001533 0.999996 0.000216 -0.000549 1.000000 0.002416 -0.000506 0.999997 -0.002317 0.000919 0.999997 
0.005945 0.002331 0.999980 0.000411 0.001750 0.999998 -0.002453 0.001545 0.999996 0.000261 -0.000661 1.000000 0.002187 -0.000458 0.999998 -0.002182 0.000866 0.999997 
0.005886 0.002308 0.999980 0.000366 0.001559 0.999999 -0.002466 0.001553 0.999996 0.000303 -0.000769 1.000000 0.001983 -0.000416 0.999998 -0.002061 0.000818 0.999998 
0.005889 0.002310 0.999980 0.000264 0.001124 0.999999 -0.002547 0.001603 0.999995 0.000280 -0.000711 1.000000 0.002878 -0.000603 0.999996 -0.002617 0.001039 0.999996 
0.005868 0.002301 0.999980 0.000233 0.000992 0.999999 -0.002567 0.001616 0.999995 0.000295 -0.000749 1.000000 0.002608 -0.000546 0.999996 -0.002423 0.000962 0.999997 
0.005881 0.002307 0.999980 0.000201 0.000856 1.000000 -0.002644 0.001664 0.999995 0.000262 -0.000664 1.000000 0.003428 -0.000717 0.999994 -0.003039 0.001206 0.999995 
0.005857 0.002298 0.999980 0.000178 0.000759 1.000000 -0.002652 0.001669 0.999995 0.000263 -0.000667 1.000000 0.003105 -0.000650 0.999995 -0.002788 0.001107 0.999996 
0.005856 0.002298 0.999980 0.000157 0.000669 1.000000 -0.002671 0.001681 0.999995 0.000265 -0.000672 1.000000 0.002811 -0.000588 0.999996 -0.002562 0.001017 0.999996 
0.005879 0.002307 0.999980 0.000137 0.000583 1.000000 -0.002700 0.001700 0.999995 0.000272 -0.000691 1.000000 0.002545 -0.000532 0.999997 -0.002363 0.000938 0.999997 
0.005925 0.002325 0.999980 0.000119 0.000506 1.000000 -0.002737 0.001723 0.999995 0.000283 -0.000718 1.000000 0.002306 -0.000483 0.999997 -0.002188 0.000868 0.999997 
0.005928 0.002327 0.999980 0.000007 0.000030 1.000000 -0.002850 0.001794 0.999994 0.000284 -0.000721 1.000000 0.003199 -0.000669 0.999995 -0.002808 0.001114 0.999995 
0.005952 0.002337 0.999980 0.000004 0.000015 1.000000 -0.002858 0.001799 0.999994 0.000285 -0.000723 1.000000 0.002912 -0.000609 0.999996 -0.002583 0.001025 0.999996 
0.006043 0.002372 0.999979 0.000168 0.000718 1.000000 -0.002624 0.001651 0.999995 0.000239 -0.000607 1.000000 0.004383 -0.000917 0.999990 -0.003492 0.001386 0.999993 
0.006042 0.002372 0.999979 0.000185 0.000789 1.000000 -0.002748 0.001729 0.999995 0.000247 -0.000627 1.000000 0.003674 -0.000769 0.999993 -0.003216 0.001276 0.999994 
0.006044 0.002374 0.999979 0.000063 0.000268 1.000000 -0.002830 0.001781 0.999994 0.000252 -0.000638 1.000000 0.004092 -0.000856 0.999991 -0.003416 0.001356 0.999993 
0.006082 0.002388 0.999979 0.000055 0.000236 1.000000 -0.002858 0.001799 0.999994 0.000230 -0.000583 1.000000 0.003720 -0.000778 0.999993 -0.003116 0.001237 0.999994 
0.006108 0.002399 0.999978 0.000009 0.000037 1.000000 -0.002939 0.001850 0.999994 0.000229 -0.000579 1.000000 0.003532 -0.000739 0.999993 -0.002993 0.001188 0.999995 
0.006155 0.002417 0.999978 0.000006 0.000027 1.000000 -0.002957 0.001861 0.999994 0.000228 -0.000577 1.000000 0.003214 -0.000672 0.999995 -0.002745 0.001090 0.999996 
0.006197 0.002434 0.999978 0.000006 0.000024 1.000000 -0.002973 0.001871 0.999994 0.000225 -0.000569 1.000000 0.002926 -0.000612 0.999996 -0.002520 0.001000 0.999996 
0.006249 0.002454 0.999977 0.000003 0.000013 1.000000 -0.002995 0.001885 0.999994 0.000227 -0.000574 1.000000 0.002667 -0.000558 0.999996 -0.002321 0.000921 0.999997 
0.006311 0.002479 0.999977 0.000001 0.000005 1.000000 -0.003020 0.001901 0.999994 0.000230 -0.000582 1.000000 0.002433 -0.000509 0.999997 -0.002142 0.000850 0.999997 
0.006378 0.002505 0.999977 -0.000000 -0.000000 1.000000 -0.003049 0.001919 0.999994 0.000235 -0.000595 1.000000 0.002221 -0.000465 0.999997 -0.001984 0.000787 0.999998 
0.006451 0.002534 0.999976 -0.000001 -0.000002 1.000000 -0.003080 0.001938 0.999993 0.000239 -0.000606 1.000000 0.002030 -0.000425 0.999998 -0.001841 0.000731 0.999998 
0.006593 0.002590 0.999975 -0.000023 -0.000098 1.000000 -0.003228 0.002031 0.999993 0.000193 -0.000488 1.000000 0.003112 -0.000650 0.999995 -0.002668 0.001059 0.999996 
0.006605 0.002595 0.999975 -0.000022 -0.000094 1.000000 -0.003224 0.002029 0.999993 0.000186 -0.000471 1.000000 0.002834 -0.000592 0.999996 -0.002442 0.000969 0.999997 
0.006579 0.002584 0.999975 0.000638 0.002735 0.999996 -0.002513 0.001578 0.999996 0.000088 -0.000222 1.000000 0.005193 -0.001080 0.999986 -0.004248 0.001685 0.999990 
0.006542 0.002571 0.999975 0.000576 0.002471 0.999997 -0.002564 0.001610 0.999995 0.000098 -0.000247 1.000000 0.004696 -0.000976 0.999988 -0.003881 0.001539 0.999991 
0.006445 0.002533 0.999976 0.000518 0.002224 0.999997 -0.002579 0.001620 0.999995 0.000124 -0.000314 1.000000 0.004242 -0.000882 0.999991 -0.003563 0.001413 0.999993 
0.006476 0.002546 0.999976 0.000321 0.001378 0.999999 -0.002795 0.001756 0.999995 0.000120 -0.000303 1.000000 0.005482 -0.001139 0.999984 -0.004400 0.001746 0.999989 
0.006376 0.002507 0.999977 0.000280 0.001199 0.999999 -0.002794 0.001755 0.999995 0.000141 -0.000356 1.000000 0.004953 -0.001029 0.999987 -0.004026 0.001598 0.999991 
0.006296 0.002476 0.999977 0.000244 0.001047 0.999999 -0.002797 0.001757 0.999995 0.000150 -0.000378 1.000000 0.004470 -0.000929 0.999990 -0.003677 0.001459 0.999992 
0.006297 0.002476 0.999977 0.000214 0.000917 1.000000 -0.002852 0.001791 0.999994 0.000101 -0.000255 1.000000 0.004042 -0.000840 0.999991 -0.003328 0.001321 0.999994 
0.006272 0.002466 0.999977 0.000184 0.000791 1.000000 -0.002865 0.001799 0.999994 0.000111 -0.000280 1.000000 0.003661 -0.000761 0.999993 -0.003041 0.001207 0.999995 
0.006296 0.002476 0.999977 0.000160 0.000688 1.000000 -0.002896 0.001819 0.999994 0.000122 -0.000307 1.000000 0.003318 -0.000689 0.999994 -0.002784 0.001105 0.999996 
0.006369 0.002505 0.999977 0.000418 0.001795 0.999998 -0.002499 0.001569 0.999996 0.000126 -0.000319 1.000000 0.005312 -0.001103 0.999985 -0.004077 0.001617 0.999990 
0.006371 0.002506 0.999977 0.000373 0.001602 0.999999 -0.002563 0.001609 0.999995 0.000165 -0.000417 1.000000 0.004796 -0.000996 0.999988 -0.003757 0.001490 0.999992 
0.006385 0.002512 0.999976 0.000333 0.001431 0.999999 -0.002623 0.001646 0.999995 0.000215 -0.000543 1.000000 0.004332 -0.000900 0.999990 -0.003484 0.001382 0.999993 
0.006373 0.002508 0.999977 0.000410 0.001761 0.999998 -0.002622 0.001646 0.999995 0.000240 -0.000606 1.000000 0.004479 -0.000930 0.999990 -0.003788 0.001502 0.999992 
0.006305 0.002481 0.999977 0.000367 0.001576 0.999999 -0.002636 0.001654 0.999995 0.000281 -0.000711 1.000000 0.004047 -0.000840 0.999991 -0.003510 0.001392 0.999993 
0.006237 0.002455 0.999978 0.000326 0.001398 0.999999 -0.002648 0.001662 0.999995 0.000323 -0.000817 1.000000 0.003656 -0.000759 0.999993 -0.003264 0.001294 0.999994 
0.006115 0.002407 0.999978 -0.000010 -0.000044 1.000000 -0.002871 0.001803 0.999994 0.000339 -0.000857 1.000000 0.003872 -0.000804 0.999992 -0.003221 0.001278 0.999994 
0.006089 0.002397 0.999979 -0.000012 -0.000052 1.000000 -0.002863 0.001797 0.999994 0.000329 -0.000832 1.000000 0.003519 -0.000730 0.999994 -0.002951 0.001171 0.999995 
0.006137 0.002416 0.999978 -0.000015 -0.000064 1.000000 -0.002892 0.001816 0.999994 0.000311 -0.000786 1.000000 0.003196 -0.000663 0.999995 -0.002695 0.001070 0.999996 
0.006227 0.002451 0.999978 -0.000041 -0.000174 1.000000 -0.002940 0.001846 0.999994 0.000294 -0.000743 1.000000 0.003001 -0.000623 0.999995 -0.002488 0.000987 0.999996 
0.006334 0.002494 0.999977 -0.000033 -0.000141 1.000000 -0.002997 0.001881 0.999994 0.000279 -0.000706 1.000000 0.002715 -0.000564 0.999996 -0.002283 0.000906 0.999997 
0.006419 0.002527 0.999976 -0.000027 -0.000114 1.000000 -0.003038 0.001907 0.999994 0.000275 -0.000696 1.000000 0.002465 -0.000512 0.999997 -0.002108 0.000837 0.999997 
0.006517 0.002566 0.999975 -0.000022 -0.000096 1.000000 -0.003091 0.001941 0.999993 0.000247 -0.000623 1.000000 0.002247 -0.000466 0.999997 -0.001932 0.000767 0.999998 
0.006581 0.002591 0.999975 -0.000021 -0.000090 1.000000 -0.003121 0.001960 0.999993 0.000248 -0.000626 1.000000 0.002052 -0.000426 0.999998 -0.001791 0.000711 0.999998 
0.006649 0.002618 0.999974 -0.000019 -0.000080 1.000000 -0.003151 0.001979 0.999993 0.000251 -0.000635 1.000000 0.001875 -0.000389 0.999998 -0.001667 0.000662 0.999998 
0.006787 0.002672 0.999973 -0.000122 -0.000523 1.000000 -0.003273 0.002055 0.999993 0.000226 -0.000571 1.000000 0.003693 -0.000766 0.999993 -0.002857 0.001135 0.999995 
0.006852 0.002698 0.999973 -0.000107 -0.000458 1.000000 -0.003273 0.002055 0.999993 0.000199 -0.000502 1.000000 0.003509 -0.000728 0.999994 -0.002668 0.001060 0.999996 
0.006924 0.002727 0.999972 0.000196 0.000843 1.000000 -0.003045 0.001911 0.999994 0.000172 -0.000435 1.000000 0.004083 -0.000846 0.999991 -0.003241 0.001286 0.999994 
0.006896 0.002716 0.999973 0.000175 0.000752 1.000000 -0.003059 0.001920 0.999993 0.000186 -0.000469 1.000000 0.003698 -0.000767 0.999993 -0.002977 0.001181 0.999995 
0.006899 0.002717 0.999973 0.000153 0.000659 1.000000 -0.003094 0.001942 0.999993 0.000186 -0.000470 1.000000 0.003344 -0.000693 0.999994 -0.002727 0.001082 0.999996 
0.006941 0.002734 0.999972 0.000133 0.000570 1.000000 -0.003122 0.001959 0.999993 0.000215 -0.000542 1.000000 0.003023 -0.000627 0.999995 -0.002498 0.000991 0.999996 
0.006921 0.002726 0.999972 0.000114 0.000490 1.000000 -0.003139 0.001970 0.999993 0.000222 -0.000562 1.000000 0.002733 -0.000566 0.999996 -0.002300 0.000913 0.999997 
0.006921 0.002726 0.999972 0.000098 0.000419 1.000000 -0.003162 0.001984 0.999993 0.000230 -0.000580 1.000000 0.002471 -0.000512 0.999997 -0.002121 0.000842 0.999997 
0.007113 0.002802 0.999971 0.000393 0.001694 0.999998 -0.003104 0.001946 0.999993 0.000119 -0.000300 1.000000 0.004486 -0.000928 0.999990 -0.003819 0.001515 0.999992 
0.007076 0.002787 0.999971 0.000124 0.000535 1.000000 -0.003302 0.002071 0.999992 0.000139 -0.000351 1.000000 0.004491 -0.000929 0.999989 -0.003654 0.001451 0.999992 
0.006985 0.002752 0.999972 0.000103 0.000444 1.000000 -0.003276 0.002055 0.999993 0.000147 -0.000372 1.000000 0.004067 -0.000841 0.999991 -0.003338 0.001325 0.999994 
0.006911 0.002723 0.999972 0.000089 0.000384 1.000000 -0.003248 0.002037 0.999993 0.000144 -0.000363 1.000000 0.003700 -0.000765 0.999993 -0.003046 0.001209 0.999995 
0.006879 0.002710 0.999973 0.000076 0.000328 1.000000 -0.003238 0.002031 0.999993 0.000139 -0.000350 1.000000 0.003369 -0.000697 0.999994 -0.002780 0.001104 0.999996 
0.006958 0.002742 0.999972 0.000030 0.000129 1.000000 -0.003252 0.002039 0.999993 0.000118 -0.000298 1.000000 0.003401 -0.000703 0.999994 -0.002644 0.001050 0.999996 
0.007041 0.002774 0.999971 0.000116 0.000502 1.000000 -0.003291 0.002064 0.999992 0.000123 -0.000310 1.000000 0.003376 -0.000698 0.999994 -0.002808 0.001115 0.999995 
0.007045 0.002776 0.999971 0.000100 0.000432 1.000000 -0.003300 0.002070 0.999992 0.000138 -0.000348 1.000000 0.003076 -0.000636 0.999995 -0.002585 0.001026 0.999996 
0.007084 0.002792 0.999971 0.000314 0.001357 0.999999 -0.003071 0.001924 0.999993 0.000150 -0.000379 1.000000 0.006147 -0.001267 0.999980 -0.004883 0.001937 0.999986 
0.007056 0.002782 0.999971 0.000058 0.000251 1.000000 -0.003284 0.002058 0.999992 0.000165 -0.000417 1.000000 0.005939 -0.001225 0.999982 -0.004598 0.001825 0.999988 
0.007070 0.002787 0.999971 -0.000169 -0.000730 1.000000 -0.003429 0.002149 0.999992 0.000145 -0.000367 1.000000 0.005904 -0.001217 0.999982 -0.004312 0.001713 0.999989 
0.007026 0.002770 0.999971 -0.000155 -0.000671 1.000000 -0.003409 0.002136 0.999992 0.000118 -0.000298 1.000000 0.005358 -0.001104 0.999985 -0.003906 0.001552 0.999991 
0.007002 0.002760 0.999972 -0.000141 -0.000608 1.000000 -0.003400 0.002131 0.999992 0.000099 -0.000249 1.000000 0.004865 -0.001002 0.999988 -0.003553 0.001411 0.999993 
0.007016 0.002766 0.999972 -0.000130 -0.000562 1.000000 -0.003406 0.002134 0.999992 0.000087 -0.000219 1.000000 0.004427 -0.000912 0.999990 -0.003237 0.001286 0.999994 
0.007095 0.002796 0.999971 -0.000120 -0.000521 1.000000 -0.003447 0.002160 0.999992 0.000058 -0.000146 1.000000 0.004032 -0.000831 0.999992 -0.002938 0.001167 0.999995 
0.007162 0.002823 0.999970 -0.000108 -0.000467 1.000000 -0.003474 0.002177 0.999992 0.000055 -0.000140 1.000000 0.003668 -0.000756 0.999993 -0.002685 0.001067 0.999996 
0.007236 0.002852 0.999970 -0.000098 -0.000424 1.000000 -0.003503 0.002196 0.999991 0.000056 -0.000142 1.000000 0.003342 -0.000689 0.999994 -0.002458 0.000976 0.999997 
0.007313 0.002883 0.999969 -0.000090 -0.000387 1.000000 -0.003534 0.002215 0.999991 0.000058 -0.000147 1.000000 0.003048 -0.000628 0.999995 -0.002253 0.000895 0.999997 
0.007389 0.002912 0.999968 -0.000080 -0.000346 1.000000 -0.003565 0.002234 0.999991 0.000059 -0.000150 1.000000 0.002781 -0.000573 0.999996 -0.002069 0.000822 0.999998 
0.007491 0.002952 0.999968 -0.000199 -0.000861 1.000000 -0.003616 0.002267 0.999991 0.000036 -0.000091 1.000000 0.003013 -0.000621 0.999995 -0.001973 0.000784 0.999998 
0.007570 0.002984 0.999967 -0.000179 -0.000774 1.000000 -0.003651 0.002288 0.999991 0.000035 -0.000089 1.000000 0.002743 -0.000565 0.999996 -0.001812 0.000720 0.999998 
0.007637 0.003010 0.999966 -0.000161 -0.000697 1.000000 -0.003681 0.002307 0.999991 0.000033 -0.000082 1.000000 0.002501 -0.000515 0.999997 -0.001663 0.000661 0.999998 
0.007715 0.003041 0.999966 -0.000351 -0.001518 0.999999 -0.003559 0.002231 0.999991 0.000028 -0.000072 1.000000 0.004425 -0.000910 0.999990 -0.002424 0.000964 0.999997 
0.007701 0.003035 0.999966 -0.000098 -0.000427 1.000000 -0.003353 0.002100 0.999992 0.000016 -0.000039 1.000000 0.005670 -0.001164 0.999983 -0.003504 0.001392 0.999993 
0.007579 0.002986 0.999967 -0.000092 -0.000400 1.000000 -0.003619 0.002266 0.999991 -0.000011 0.000028 1.000000 0.004498 -0.000923 0.999989 -0.003152 0.001253 0.999994 
0.007643 0.003011 0.999966 -0.000083 -0.000358 1.000000 -0.003670 0.002299 0.999991 -0.000058 0.000146 1.000000 0.004085 -0.000838 0.999991 -0.002846 0.001131 0.999995 
0.007730 0.003045 0.999965 -0.000074 -0.000321 1.000000 -0.003717 0.002328 0.999990 -0.000064 0.000162 1.000000 0.003711 -0.000761 0.999993 -0.002591 0.001030 0.999996 
0.007811 0.003078 0.999965 -0.000066 -0.000286 1.000000 -0.003757 0.002353 0.999990 -0.000062 0.000157 1.000000 0.003373 -0.000692 0.999994 -0.002365 0.000940 0.999997 
0.007891 0.003109 0.999964 -0.000058 -0.000251 1.000000 -0.003794 0.002376 0.999990 -0.000055 0.000139 1.000000 0.003070 -0.000630 0.999995 -0.002166 0.000861 0.999997 
0.008002 0.003153 0.999963 -0.000052 -0.000225 1.000000 -0.003830 0.002399 0.999990 -0.000033 0.000082 1.000000 0.002796 -0.000574 0.999996 -0.001980 0.000787 0.999998 
0.008051 0.003172 0.999963 -0.000051 -0.000221 1.000000 -0.003860 0.002418 0.999990 -0.000023 0.000057 1.000000 0.002524 -0.000518 0.999997 -0.001808 0.000718 0.999998 
0.008086 0.003186 0.999962 -0.000050 -0.000217 1.000000 -0.003874 0.002426 0.999990 -0.000012 0.000031 1.000000 0.002311 -0.000474 0.999997 -0.001662 0.000661 0.999998 
0.008126 0.003202 0.999962 -0.000047 -0.000204 1.000000 -0.003890 0.002437 0.999989 -0.000003 0.000008 1.000000 0.002114 -0.000434 0.999998 -0.001531 0.000608 0.999999 
0.008213 0.003236 0.999961 -0.000427 -0.001856 0.999998 -0.003900 0.002443 0.999989 0.000004 -0.000011 1.000000 0.003976 -0.000815 0.999992 -0.002077 0.000827 0.999998 
0.008293 0.003268 0.999960 -0.000109 -0.000475 1.000000 -0.003597 0.002250 0.999991 0.000009 -0.000023 1.000000 0.006841 -0.001397 0.999976 -0.004266 0.001696 0.999989 
0.008155 0.003213 0.999962 -0.000107 -0.000465 1.000000 -0.003899 0.002439 0.999989 -0.000007 0.000017 1.000000 0.005506 -0.001125 0.999984 -0.003873 0.001540 0.999991 
