-0.002486 0.000408 0.999997 -0.000281 -0.001761 0.999998 -0.000330 -0.001809 0.999998 -0.002499 0.000394 0.999997 
-0.002118 0.000347 0.999998 -0.000239 -0.001497 0.999999 -0.000281 -0.001538 0.999999 -0.002129 0.000336 0.999998 
0.000829 -0.000136 1.000000 -0.000566 -0.003546 0.999994 -0.000642 -0.003513 0.999994 0.000809 -0.000128 1.000000 
-0.003349 0.000550 0.999994 -0.000075 -0.000472 1.000000 -0.000099 -0.000544 1.000000 -0.003355 0.000530 0.999994 
-0.002666 0.000437 0.999996 -0.000141 -0.000886 1.000000 -0.000172 -0.000942 1.000000 -0.002674 0.000422 0.999996 
0.000030 -0.000005 1.000000 -0.000302 -0.001887 0.999998 -0.000343 -0.001879 0.999998 0.000018 -0.000003 1.000000 
-0.001122 0.000184 0.999999 -0.000101 -0.000633 1.000000 -0.000120 -0.000656 1.000000 -0.001127 0.000178 0.999999 
0.003765 -0.000620 0.999993 -0.000837 -0.005226 0.999986 -0.000938 -0.005122 0.999986 0.003737 -0.000592 0.999993 
0.003796 -0.000620 0.999993 -0.000767 -0.004823 0.999988 -0.000859 -0.004719 0.999988 0.003770 -0.000593 0.999993 
0.003410 -0.000557 0.999994 -0.000716 -0.004502 0.999990 -0.000802 -0.004408 0.999990 0.003386 -0.000532 0.999994 
0.005362 -0.000876 0.999985 -0.001283 -0.008069 0.999967 -0.001441 -0.007918 0.999968 0.005318 -0.000836 0.999986 
0.004805 -0.000785 0.999988 -0.001838 -0.011557 0.999932 -0.002075 -0.011404 0.999933 0.004739 -0.000745 0.999988 
0.004321 -0.000706 0.999990 -0.002620 -0.016474 0.999861 -0.002969 -0.016313 0.999863 0.004225 -0.000664 0.999991 
0.003884 -0.000635 0.999992 -0.003041 -0.019101 0.999813 -0.003450 -0.018939 0.999815 0.003771 -0.000593 0.999993 
0.003492 -0.000571 0.999994 -0.002921 -0.018347 0.999827 -0.003315 -0.018197 0.999829 0.003383 -0.000532 0.999994 
0.003138 -0.000514 0.999995 -0.002648 -0.016629 0.999858 -0.003005 -0.016494 0.999859 0.003040 -0.000478 0.999995 
0.002828 -0.000463 0.999996 -0.002421 -0.015207 0.999881 -0.002748 -0.015084 0.999882 0.002738 -0.000431 0.999996 
0.002572 -0.000421 0.999997 -0.002446 -0.015366 0.999879 -0.002778 -0.015248 0.999880 0.002480 -0.000390 0.999997 
0.002255 -0.000373 0.999997 -0.002270 -0.014089 0.999898 -0.002574 -0.013983 0.999899 0.002171 -0.000346 0.999998 
0.001477 -0.000268 0.999999 -0.001673 -0.009465 0.999954 -0.001877 -0.009391 0.999954 0.001421 -0.000249 0.999999 
0.000858 -0.000181 1.000000 -0.001099 -0.005335 0.999985 -0.001213 -0.005289 0.999985 0.000826 -0.000169 1.000000 
0.000607 -0.000150 1.000000 -0.000683 -0.002813 0.999996 -0.000742 -0.002783 0.999996 0.000591 -0.000142 1.000000 
-0.000067 0.000016 1.000000 -0.000197 -0.000833 1.000000 -0.000216 -0.000829 1.000000 -0.000072 0.000017 1.000000 
0.001947 -0.000431 0.999998 -0.026243 -0.014979 0.999543 -0.006872 0.033152 0.999427 -0.000245 -0.000994 0.999999 -0.015183 0.025224 0.999567 -0.004171 0.019099 0.999809 
0.000058 -0.000013 1.000000 -0.014188 -0.007658 0.999870 -0.001603 0.007217 0.999973 -0.000146 -0.000575 1.000000 -0.005625 0.009852 0.999936 0.000192 -0.000799 1.000000 
0.000070 -0.000016 1.000000 -0.007749 -0.004101 0.999962 -0.001213 0.005486 0.999984 -0.000117 -0.000462 1.000000 -0.007149 0.012760 0.999893 0.000176 -0.000732 1.000000 
0.000068 -0.000015 1.000000 -0.007960 -0.004188 0.999960 -0.001379 0.006246 0.999980 -0.000102 -0.000404 1.000000 -0.008491 0.015242 0.999848 0.000158 -0.000659 1.000000 
-0.000319 0.000073 1.000000 -0.008179 -0.004314 0.999957 -0.001503 0.006800 0.999976 0.000063 0.000248 1.000000 -0.008644 0.015482 0.999843 0.000047 -0.000195 1.000000 
0.000612 -0.000140 1.000000 -0.008006 -0.004247 0.999959 -0.001649 0.007431 0.999971 0.000953 0.003748 0.999993 -0.007848 0.013978 0.999872 0.000068 -0.000282 1.000000 
0.000565 -0.000129 1.000000 -0.007538 -0.004023 0.999963 -0.001520 0.006827 0.999976 0.001078 0.004241 0.999990 -0.006378 0.011291 0.999916 0.000034 -0.000139 1.000000 
0.001025 -0.000235 0.999999 -0.006309 -0.003388 0.999974 -0.001521 0.006829 0.999976 0.000986 0.003879 0.999992 -0.005275 0.009280 0.999943 -0.000222 0.000920 1.000000 
-0.000026 0.000006 1.000000 -0.005076 -0.002742 0.999983 -0.001677 0.007533 0.999970 0.001628 0.006404 0.999978 -0.004763 0.008332 0.999954 -0.000570 0.002371 0.999997 
-0.000320 0.000073 1.000000 -0.005201 -0.002814 0.999983 -0.001601 0.007195 0.999973 0.001626 0.006401 0.999978 -0.004228 0.007385 0.999964 -0.000556 0.002315 0.999997 
-0.000278 0.000064 1.000000 -0.005630 -0.003047 0.999980 -0.001231 0.005537 0.999984 0.001467 0.005775 0.999982 -0.003342 0.005836 0.999977 -0.000179 0.000746 1.000000 
-0.002023 0.000462 0.999998 -0.005492 -0.002977 0.999980 -0.000988 0.004447 0.999990 0.000923 0.003639 0.999993 -0.002956 0.005154 0.999982 -0.000248 0.001036 0.999999 
-0.001823 0.000416 0.999998 -0.005449 -0.002955 0.999981 -0.000964 0.004344 0.999990 0.000829 0.003266 0.999994 -0.002973 0.005182 0.999982 -0.000226 0.000944 1.000000 
-0.001638 0.000374 0.999999 -0.005582 -0.003026 0.999980 -0.000953 0.004297 0.999990 0.000743 0.002929 0.999995 -0.002936 0.005119 0.999983 -0.000206 0.000860 1.000000 
-0.000787 0.000180 1.000000 -0.005913 -0.003203 0.999977 -0.000981 0.004425 0.999990 0.000458 0.001804 0.999998 -0.002988 0.005214 0.999982 -0.000186 0.000776 1.000000 
-0.000667 0.000152 1.000000 -0.006164 -0.003337 0.999975 -0.000998 0.004501 0.999989 0.000412 0.001622 0.999999 -0.003060 0.005342 0.999981 -0.000170 0.000710 1.000000 
0.001811 -0.000414 0.999998 -0.006204 -0.003356 0.999975 -0.001157 0.005212 0.999986 0.000864 0.003406 0.999994 -0.003072 0.005366 0.999981 0.000000 -0.000001 1.000000 
0.002182 -0.000498 0.999997 -0.006377 -0.003450 0.999974 -0.001151 0.005187 0.999986 0.000617 0.002431 0.999997 -0.003060 0.005346 0.999981 -0.000001 0.000003 1.000000 
0.002004 -0.000457 0.999998 -0.006604 -0.003573 0.999972 -0.001147 0.005170 0.999986 0.000560 0.002209 0.999997 -0.003080 0.005380 0.999981 -0.000000 0.000002 1.000000 
-0.000300 0.000069 1.000000 -0.006858 -0.003711 0.999970 -0.001159 0.005223 0.999986 0.001005 0.003960 0.999992 -0.003133 0.005472 0.999980 -0.000100 0.000417 1.000000 
0.002066 -0.000472 0.999998 -0.007088 -0.003834 0.999968 -0.001251 0.005638 0.999983 0.000675 0.002659 0.999996 -0.003188 0.005571 0.999979 -0.000031 0.000130 1.000000 
0.001864 -0.000426 0.999998 -0.007304 -0.003951 0.999966 -0.001243 0.005601 0.999984 0.000614 0.002419 0.999997 -0.003213 0.005613 0.999979 -0.000029 0.000121 1.000000 
0.001683 -0.000385 0.999999 -0.007498 -0.004056 0.999964 -0.001235 0.005566 0.999984 0.000558 0.002196 0.999997 -0.003234 0.005651 0.999979 -0.000027 0.000115 1.000000 
-0.000031 0.000007 1.000000 -0.007696 -0.004165 0.999962 -0.001222 0.005507 0.999984 0.000420 0.001652 0.999999 -0.003277 0.005724 0.999978 -0.000192 0.000803 1.000000 
-0.000021 0.000005 1.000000 -0.007922 -0.004286 0.999959 -0.001224 0.005518 0.999984 0.000380 0.001496 0.999999 -0.003312 0.005785 0.999978 -0.000175 0.000730 1.000000 
-0.000106 0.000024 1.000000 -0.008041 -0.004350 0.999958 -0.001357 0.006117 0.999980 0.001157 0.004549 0.999989 -0.003344 0.005842 0.999977 -0.000139 0.000578 1.000000 
-0.000086 0.000020 1.000000 -0.008162 -0.004415 0.999957 -0.001338 0.006030 0.999981 0.001048 0.004122 0.999991 -0.003342 0.005839 0.999977 -0.000126 0.000527 1.000000 
-0.000068 0.000016 1.000000 -0.008215 -0.004444 0.999956 -0.001312 0.005914 0.999982 0.000949 0.003731 0.999993 -0.003308 0.005779 0.999978 -0.000115 0.000479 1.000000 
-0.000691 0.000158 1.000000 -0.008276 -0.004477 0.999956 -0.001296 0.005844 0.999982 0.001030 0.004050 0.999991 -0.003290 0.005747 0.999978 -0.000132 0.000553 1.000000 
-0.000617 0.000141 1.000000 -0.008298 -0.004489 0.999955 -0.001271 0.005732 0.999983 0.000930 0.003656 0.999993 -0.003253 0.005683 0.999979 -0.000121 0.000505 1.000000 
0.000796 -0.000182 1.000000 -0.008272 -0.004475 0.999956 -0.001252 0.005642 0.999983 0.000296 0.001165 0.999999 -0.003218 0.005622 0.999979 -0.000122 0.000509 1.000000 
0.000729 -0.000167 1.000000 -0.008277 -0.004478 0.999956 -0.001229 0.005541 0.999984 0.000268 0.001054 0.999999 -0.003182 0.005559 0.999979 -0.000111 0.000464 1.000000 
0.000658 -0.000150 1.000000 -0.008374 -0.004530 0.999955 -0.001219 0.005496 0.999984 0.000243 0.000959 1.000000 -0.003177 0.005549 0.999980 -0.000102 0.000424 1.000000 
0.000594 -0.000136 1.000000 -0.008461 -0.004577 0.999954 -0.001210 0.005456 0.999984 0.000221 0.000870 1.000000 -0.003171 0.005540 0.999980 -0.000093 0.000388 1.000000 
0.000534 -0.000122 1.000000 -0.008542 -0.004621 0.999953 -0.001202 0.005420 0.999985 0.000201 0.000791 1.000000 -0.003167 0.005533 0.999980 -0.000085 0.000357 1.000000 
-0.001513 0.000346 0.999999 -0.008662 -0.004687 0.999952 -0.001211 0.005460 0.999984 0.000664 0.002615 0.999996 -0.003196 0.005583 0.999979 -0.000168 0.000702 1.000000 
-0.000454 0.000104 1.000000 -0.008692 -0.004703 0.999951 -0.001216 0.005484 0.999984 0.000340 0.001340 0.999999 -0.003183 0.005559 0.999979 -0.000149 0.000623 1.000000 
-0.000407 0.000093 1.000000 -0.008686 -0.004700 0.999951 -0.001206 0.005440 0.999984 0.000364 0.001436 0.999999 -0.003147 0.005497 0.999980 -0.000131 0.000546 1.000000 
-0.000844 0.000193 1.000000 -0.008703 -0.004709 0.999951 -0.001182 0.005331 0.999985 0.000329 0.001296 0.999999 -0.003122 0.005453 0.999980 -0.000154 0.000644 1.000000 
-0.000752 0.000172 1.000000 -0.008668 -0.004690 0.999951 -0.001165 0.005255 0.999986 0.000299 0.001179 0.999999 -0.003081 0.005380 0.999981 -0.000140 0.000585 1.000000 
0.002491 -0.000570 0.999997 -0.008596 -0.004650 0.999952 -0.001271 0.005727 0.999983 -0.000030 -0.000118 1.000000 -0.003057 0.005342 0.999981 -0.000042 0.000177 1.000000 
0.002255 -0.000515 0.999997 -0.008572 -0.004637 0.999953 -0.001247 0.005619 0.999983 -0.000027 -0.000105 1.000000 -0.003038 0.005307 0.999981 -0.000040 0.000165 1.000000 
-0.000324 0.000074 1.000000 -0.008666 -0.004690 0.999951 -0.001210 0.005456 0.999984 0.000199 0.000784 1.000000 -0.003066 0.005355 0.999981 -0.000182 0.000760 1.000000 
-0.000286 0.000065 1.000000 -0.008746 -0.004733 0.999951 -0.001203 0.005423 0.999985 0.000180 0.000707 1.000000 -0.003060 0.005344 0.999981 -0.000166 0.000692 1.000000 
-0.000250 0.000057 1.000000 -0.008766 -0.004744 0.999950 -0.001189 0.005364 0.999985 0.000163 0.000644 1.000000 -0.003031 0.005293 0.999981 -0.000150 0.000628 1.000000 
-0.000216 0.000049 1.000000 -0.008773 -0.004748 0.999950 -0.001176 0.005304 0.999985 0.000149 0.000585 1.000000 -0.003001 0.005241 0.999982 -0.000137 0.000571 1.000000 
-0.000184 0.000042 1.000000 -0.008779 -0.004751 0.999950 -0.001164 0.005250 0.999986 0.000136 0.000534 1.000000 -0.002974 0.005194 0.999982 -0.000124 0.000519 1.000000 
-0.000950 0.000217 1.000000 -0.008800 -0.004763 0.999950 -0.001173 0.005288 0.999985 0.000372 0.001462 0.999999 -0.002968 0.005182 0.999982 -0.000151 0.000629 1.000000 
0.000053 -0.000012 1.000000 -0.008781 -0.004751 0.999950 -0.001285 0.005794 0.999982 0.000565 0.002221 0.999997 -0.002971 0.005190 0.999982 -0.000146 0.000611 1.000000 
0.001006 -0.000230 0.999999 -0.008836 -0.004782 0.999950 -0.001333 0.006009 0.999981 0.000667 0.002623 0.999996 -0.002970 0.005187 0.999982 -0.000079 0.000329 1.000000 
0.002250 -0.000515 0.999997 -0.008893 -0.004812 0.999949 -0.001390 0.006266 0.999979 0.000709 0.002787 0.999996 -0.002980 0.005205 0.999982 -0.000008 0.000032 1.000000 
0.001325 -0.000303 0.999999 -0.009062 -0.004905 0.999947 -0.001353 0.006099 0.999980 0.000572 0.002248 0.999997 -0.002990 0.005221 0.999982 -0.000069 0.000287 1.000000 
0.003447 -0.000790 0.999994 -0.009201 -0.004979 0.999945 -0.001381 0.006222 0.999980 -0.000132 -0.000520 1.000000 -0.003000 0.005239 0.999982 -0.000053 0.000221 1.000000 
0.003116 -0.000714 0.999995 -0.009302 -0.005034 0.999944 -0.001369 0.006167 0.999980 -0.000123 -0.000483 1.000000 -0.003053 0.005332 0.999981 -0.000050 0.000209 1.000000 
0.003816 -0.000874 0.999992 -0.009432 -0.005104 0.999942 -0.001438 0.006477 0.999978 -0.000201 -0.000791 1.000000 -0.003097 0.005409 0.999981 -0.000068 0.000285 1.000000 
0.001263 -0.000289 0.999999 -0.009579 -0.005185 0.999941 -0.001356 0.006112 0.999980 -0.000381 -0.001498 0.999999 -0.003176 0.005546 0.999980 -0.000242 0.001009 0.999999 
0.001139 -0.000261 0.999999 -0.009658 -0.005228 0.999940 -0.001348 0.006078 0.999981 -0.000348 -0.001366 0.999999 -0.003226 0.005633 0.999979 -0.000221 0.000922 1.000000 
-0.000008 0.000002 1.000000 -0.009706 -0.005254 0.999939 -0.001289 0.005815 0.999982 -0.000544 -0.002141 0.999998 -0.003268 0.005705 0.999978 -0.000301 0.001259 0.999999 
-0.001387 0.000317 0.999999 -0.009736 -0.005271 0.999939 -0.001291 0.005826 0.999982 -0.000130 -0.000510 1.000000 -0.003286 0.005736 0.999978 -0.000332 0.001388 0.999999 
-0.001286 0.000294 0.999999 -0.009738 -0.005273 0.999939 -0.001280 0.005775 0.999983 -0.000121 -0.000477 1.000000 -0.003287 0.005738 0.999978 -0.000305 0.001273 0.999999 
-0.001156 0.000265 0.999999 -0.009679 -0.005240 0.999939 -0.001261 0.005688 0.999983 -0.000115 -0.000454 1.000000 -0.003241 0.005658 0.999979 -0.000278 0.001160 0.999999 
-0.001034 0.000237 0.999999 -0.009612 -0.005204 0.999940 -0.001242 0.005603 0.999984 -0.000109 -0.000429 1.000000 -0.003188 0.005566 0.999979 -0.000253 0.001059 0.999999 
-0.000923 0.000211 1.000000 -0.009558 -0.005174 0.999941 -0.001225 0.005525 0.999984 -0.000103 -0.000405 1.000000 -0.003140 0.005481 0.999980 -0.000231 0.000964 1.000000 
-0.000823 0.000188 1.000000 -0.009508 -0.005148 0.999942 -0.001209 0.005455 0.999984 -0.000097 -0.000383 1.000000 -0.003096 0.005404 0.999981 -0.000210 0.000879 1.000000 
-0.000732 0.000168 1.000000 -0.009463 -0.005123 0.999942 -0.001195 0.005391 0.999985 -0.000093 -0.000364 1.000000 -0.003056 0.005334 0.999981 -0.000192 0.000801 1.000000 
-0.000653 0.000149 1.000000 -0.009425 -0.005102 0.999943 -0.001182 0.005334 0.999985 -0.000090 -0.000356 1.000000 -0.003020 0.005272 0.999982 -0.000175 0.000733 1.000000 
-0.000579 0.000133 1.000000 -0.009389 -0.005083 0.999943 -0.001171 0.005282 0.999985 -0.000086 -0.000339 1.000000 -0.002987 0.005215 0.999982 -0.000160 0.000669 1.000000 
-0.000513 0.000118 1.000000 -0.009356 -0.005065 0.999943 -0.001160 0.005235 0.999986 -0.000083 -0.000325 1.000000 -0.002958 0.005164 0.999982 -0.000147 0.000612 1.000000 
-0.000452 0.000104 1.000000 -0.009326 -0.005048 0.999944 -0.001151 0.005192 0.999986 -0.000080 -0.000315 1.000000 -0.002931 0.005117 0.999983 -0.000134 0.000561 1.000000 
-0.000397 0.000091 1.000000 -0.009298 -0.005034 0.999944 -0.001142 0.005153 0.999986 -0.000078 -0.000306 1.000000 -0.002906 0.005074 0.999983 -0.000123 0.000514 1.000000 
0.000568 -0.000130 1.000000 -0.009269 -0.005018 0.999944 -0.001210 0.005456 0.999984 0.000230 0.000905 1.000000 -0.002887 0.005040 0.999983 -0.000039 0.000163 1.000000 
0.000517 -0.000118 1.000000 -0.009329 -0.005050 0.999944 -0.001204 0.005429 0.999985 0.000209 0.000819 1.000000 -0.002879 0.005026 0.999983 -0.000036 0.000151 1.000000 
0.000466 -0.000107 1.000000 -0.009390 -0.005083 0.999943 -0.001200 0.005410 0.999985 0.000189 0.000742 1.000000 -0.002881 0.005030 0.999983 -0.000034 0.000142 1.000000 
0.000421 -0.000097 1.000000 -0.009446 -0.005113 0.999942 -0.001196 0.005394 0.999985 0.000171 0.000670 1.000000 -0.002883 0.005033 0.999983 -0.000032 0.000133 1.000000 
0.001762 -0.000404 0.999998 -0.009468 -0.005124 0.999942 -0.001282 0.005781 0.999982 0.000067 0.000265 1.000000 -0.002889 0.005045 0.999983 -0.000030 0.000127 1.000000 
0.002152 -0.000493 0.999998 -0.009505 -0.005146 0.999942 -0.001280 0.005770 0.999983 -0.000105 -0.000413 1.000000 -0.002889 0.005044 0.999983 -0.000028 0.000115 1.000000 
0.000285 -0.000065 1.000000 -0.009633 -0.005217 0.999940 -0.001287 0.005805 0.999982 0.000334 0.001310 0.999999 -0.002922 0.005099 0.999983 -0.000096 0.000400 1.000000 
-0.000405 0.000093 1.000000 -0.009785 -0.005299 0.999938 -0.001260 0.005688 0.999983 0.000067 0.000262 1.000000 -0.002932 0.005116 0.999983 -0.000182 0.000761 1.000000 
0.000758 -0.000173 1.000000 -0.009840 -0.005329 0.999937 -0.001344 0.006064 0.999981 0.000050 0.000198 1.000000 -0.002946 0.005142 0.999982 -0.000168 0.000703 1.000000 
-0.001793 0.000410 0.999998 -0.009891 -0.005357 0.999937 -0.001208 0.005454 0.999984 -0.000514 -0.002024 0.999998 -0.002931 0.005114 0.999983 -0.000393 0.001643 0.999999 
-0.002572 0.000587 0.999997 -0.009981 -0.005409 0.999936 -0.001180 0.005332 0.999985 -0.000562 -0.002216 0.999997 -0.002937 0.005122 0.999983 -0.000438 0.001833 0.999998 
-0.000300 0.000069 1.000000 -0.009987 -0.005411 0.999935 -0.001308 0.005904 0.999982 -0.000212 -0.000835 1.000000 -0.002950 0.005147 0.999982 -0.000280 0.001170 0.999999 
-0.000259 0.000059 1.000000 -0.009965 -0.005399 0.999936 -0.001290 0.005825 0.999982 -0.000198 -0.000779 1.000000 -0.002926 0.005104 0.999983 -0.000255 0.001066 0.999999 
-0.000224 0.000051 1.000000 -0.009958 -0.005395 0.999936 -0.001275 0.005757 0.999983 -0.000183 -0.000722 1.000000 -0.002900 0.005059 0.999983 -0.000232 0.000971 1.000000 
-0.000859 0.000196 1.000000 -0.009949 -0.005391 0.999936 -0.001250 0.005646 0.999983 -0.000261 -0.001030 0.999999 -0.002868 0.005003 0.999983 -0.000290 0.001212 0.999999 
-0.002448 0.000558 0.999997 -0.009792 -0.005310 0.999938 -0.001159 0.005238 0.999986 -0.000477 -0.001883 0.999998 -0.002812 0.004902 0.999984 -0.000413 0.001732 0.999998 
-0.004160 0.000948 0.999991 -0.009808 -0.005320 0.999938 -0.001137 0.005143 0.999986 -0.000216 -0.000852 1.000000 -0.002799 0.004877 0.999984 -0.000491 0.002061 0.999998 
-0.003752 0.000855 0.999993 -0.009831 -0.005333 0.999937 -0.001140 0.005155 0.999986 -0.000201 -0.000792 1.000000 -0.002804 0.004884 0.999984 -0.000447 0.001873 0.999998 
-0.003383 0.000771 0.999994 -0.009840 -0.005338 0.999937 -0.001140 0.005154 0.999986 -0.000187 -0.000739 1.000000 -0.002794 0.004867 0.999984 -0.000406 0.001703 0.999998 
-0.003050 0.000695 0.999995 -0.009813 -0.005324 0.999938 -0.001135 0.005133 0.999986 -0.000176 -0.000694 1.000000 -0.002770 0.004825 0.999985 -0.000369 0.001549 0.999999 
-0.002752 0.000627 0.999996 -0.009743 -0.005286 0.999939 -0.001125 0.005085 0.999986 -0.000165 -0.000650 1.000000 -0.002727 0.004750 0.999985 -0.000336 0.001409 0.999999 
-0.001960 0.000447 0.999998 -0.009646 -0.005234 0.999940 -0.001115 0.005042 0.999987 -0.000380 -0.001498 0.999999 -0.002665 0.004641 0.999986 -0.000317 0.001331 0.999999 
-0.001759 0.000401 0.999998 -0.009519 -0.005165 0.999941 -0.001097 0.004960 0.999987 -0.000350 -0.001381 0.999999 -0.002595 0.004521 0.999986 -0.000289 0.001212 0.999999 
0.000957 -0.000218 1.000000 -0.009373 -0.005085 0.999943 -0.001236 0.005586 0.999984 0.000055 0.000217 1.000000 -0.002526 0.004401 0.999987 -0.000115 0.000481 1.000000 
-0.000224 0.000051 1.000000 -0.009226 -0.005005 0.999945 -0.001179 0.005331 0.999985 -0.000238 -0.000938 1.000000 -0.002450 0.004268 0.999988 -0.000263 0.001101 0.999999 
-0.000071 0.000016 1.000000 -0.009043 -0.004908 0.999947 -0.001214 0.005489 0.999984 -0.000315 -0.001245 0.999999 -0.002387 0.004156 0.999989 -0.000341 0.001428 0.999999 
-0.000049 0.000011 1.000000 -0.008925 -0.004845 0.999948 -0.001182 0.005344 0.999985 -0.000293 -0.001155 0.999999 -0.002342 0.004078 0.999989 -0.000310 0.001300 0.999999 
-0.000026 0.000006 1.000000 -0.008879 -0.004820 0.999949 -0.001161 0.005247 0.999986 -0.000272 -0.001075 0.999999 -0.002316 0.004032 0.999989 -0.000283 0.001188 0.999999 
-0.000006 0.000001 1.000000 -0.008883 -0.004823 0.999949 -0.001145 0.005176 0.999986 -0.000254 -0.001003 0.999999 -0.002294 0.003994 0.999989 -0.000258 0.001084 0.999999 
-0.000001 0.000000 1.000000 -0.008909 -0.004836 0.999949 -0.001131 0.005114 0.999986 -0.000235 -0.000928 1.000000 -0.002269 0.003949 0.999990 -0.000236 0.000989 0.999999 
-0.000367 0.000084 1.000000 -0.008972 -0.004871 0.999948 -0.001233 0.005575 0.999984 0.000317 0.001250 0.999999 -0.002275 0.003959 0.999990 -0.000255 0.001069 0.999999 
-0.000321 0.000073 1.000000 -0.009000 -0.004886 0.999948 -0.001210 0.005470 0.999984 0.000285 0.001124 0.999999 -0.002226 0.003875 0.999990 -0.000232 0.000971 1.000000 
-0.000280 0.000064 1.000000 -0.009023 -0.004899 0.999947 -0.001189 0.005375 0.999985 0.000257 0.001014 0.999999 -0.002181 0.003797 0.999990 -0.000210 0.000882 1.000000 
-0.000239 0.000055 1.000000 -0.009042 -0.004909 0.999947 -0.001170 0.005288 0.999985 0.000232 0.000914 1.000000 -0.002140 0.003725 0.999991 -0.000191 0.000802 1.000000 
-0.000205 0.000047 1.000000 -0.009060 -0.004919 0.999947 -0.001153 0.005210 0.999986 0.000210 0.000827 1.000000 -0.002103 0.003661 0.999991 -0.000174 0.000728 1.000000 
-0.000174 0.000040 1.000000 -0.009079 -0.004929 0.999947 -0.001137 0.005141 0.999986 0.000190 0.000749 1.000000 -0.002070 0.003603 0.999991 -0.000158 0.000662 1.000000 
-0.000149 0.000034 1.000000 -0.009098 -0.004940 0.999946 -0.001123 0.005078 0.999986 0.000172 0.000677 1.000000 -0.002041 0.003552 0.999992 -0.000144 0.000602 1.000000 
-0.000125 0.000028 1.000000 -0.009114 -0.004948 0.999946 -0.001111 0.005021 0.999987 0.000155 0.000610 1.000000 -0.002014 0.003505 0.999992 -0.000131 0.000549 1.000000 
0.002017 -0.000460 0.999998 -0.009023 -0.004899 0.999947 -0.001169 0.005281 0.999985 -0.000080 -0.000316 1.000000 -0.001984 0.003454 0.999992 -0.000063 0.000265 1.000000 
0.003370 -0.000768 0.999994 -0.008989 -0.004882 0.999948 -0.001209 0.005461 0.999984 -0.000220 -0.000868 1.000000 -0.001970 0.003427 0.999992 -0.000019 0.000081 1.000000 
0.003035 -0.000692 0.999995 -0.008978 -0.004879 0.999948 -0.001187 0.005361 0.999985 -0.000199 -0.000787 1.000000 -0.001969 0.003424 0.999992 -0.000020 0.000086 1.000000 
0.002402 -0.000547 0.999997 -0.009046 -0.004917 0.999947 -0.001181 0.005334 0.999985 -0.000297 -0.001172 0.999999 -0.001977 0.003438 0.999992 -0.000093 0.000390 1.000000 
0.001357 -0.000309 0.999999 -0.009205 -0.005005 0.999945 -0.001181 0.005338 0.999985 -0.000341 -0.001347 0.999999 -0.002028 0.003526 0.999992 -0.000187 0.000783 1.000000 
0.002268 -0.000516 0.999997 -0.009292 -0.005052 0.999944 -0.001214 0.005486 0.999984 -0.000421 -0.001662 0.999999 -0.002054 0.003571 0.999992 -0.000145 0.000606 1.000000 
0.002049 -0.000466 0.999998 -0.009383 -0.005102 0.999943 -0.001205 0.005442 0.999984 -0.000385 -0.001521 0.999999 -0.002065 0.003589 0.999991 -0.000133 0.000559 1.000000 
0.001850 -0.000421 0.999998 -0.009550 -0.005193 0.999941 -0.001206 0.005447 0.999984 -0.000355 -0.001401 0.999999 -0.002104 0.003657 0.999991 -0.000123 0.000517 1.000000 
0.001670 -0.000380 0.999999 -0.009717 -0.005284 0.999939 -0.001209 0.005460 0.999984 -0.000327 -0.001292 0.999999 -0.002146 0.003730 0.999991 -0.000114 0.000479 1.000000 
0.001509 -0.000343 0.999999 -0.009867 -0.005365 0.999937 -0.001211 0.005470 0.999984 -0.000303 -0.001196 0.999999 -0.002180 0.003790 0.999990 -0.000106 0.000444 1.000000 
-0.000954 0.000217 1.000000 -0.009984 -0.005430 0.999935 -0.001105 0.004995 0.999987 -0.000751 -0.002973 0.999995 -0.002198 0.003819 0.999990 -0.000319 0.001338 0.999999 
0.002055 -0.000467 0.999998 -0.010024 -0.005451 0.999935 -0.001159 0.005239 0.999986 -0.001531 -0.006057 0.999980 -0.002195 0.003815 0.999990 -0.000281 0.001178 0.999999 
0.000791 -0.000180 1.000000 -0.010038 -0.005460 0.999935 -0.001178 0.005325 0.999985 -0.001192 -0.004715 0.999988 -0.002173 0.003776 0.999991 -0.000347 0.001456 0.999999 
0.000713 -0.000162 1.000000 -0.010041 -0.005463 0.999935 -0.001167 0.005276 0.999985 -0.001083 -0.004286 0.999990 -0.002143 0.003723 0.999991 -0.000316 0.001328 0.999999 
0.000642 -0.000146 1.000000 -0.010016 -0.005451 0.999935 -0.001129 0.005107 0.999986 -0.001182 -0.004675 0.999988 -0.002091 0.003632 0.999991 -0.000310 0.001301 0.999999 
0.000506 -0.000115 1.000000 -0.009994 -0.005441 0.999935 -0.001128 0.005102 0.999986 -0.001132 -0.004481 0.999989 -0.002040 0.003542 0.999992 -0.000319 0.001337 0.999999 
0.000459 -0.000104 1.000000 -0.009963 -0.005425 0.999936 -0.001117 0.005049 0.999987 -0.001029 -0.004074 0.999991 -0.001998 0.003467 0.999992 -0.000290 0.001218 0.999999 
0.000417 -0.000095 1.000000 -0.009951 -0.005420 0.999936 -0.001109 0.005012 0.999987 -0.000936 -0.003705 0.999993 -0.001972 0.003423 0.999992 -0.000265 0.001111 0.999999 
0.000374 -0.000085 1.000000 -0.009962 -0.005426 0.999936 -0.001104 0.004993 0.999987 -0.000853 -0.003378 0.999994 -0.001965 0.003411 0.999992 -0.000242 0.001016 0.999999 
0.000340 -0.000077 1.000000 -0.009982 -0.005436 0.999935 -0.001103 0.004985 0.999987 -0.000779 -0.003083 0.999995 -0.001969 0.003417 0.999992 -0.000221 0.000929 1.000000 
-0.000233 0.000053 1.000000 -0.009954 -0.005422 0.999936 -0.001061 0.004798 0.999988 -0.001040 -0.004119 0.999991 -0.001941 0.003368 0.999992 -0.000300 0.001259 0.999999 
-0.000195 0.000044 1.000000 -0.009933 -0.005411 0.999936 -0.001057 0.004781 0.999988 -0.000949 -0.003759 0.999992 -0.001915 0.003323 0.999993 -0.000273 0.001147 0.999999 
-0.000163 0.000037 1.000000 -0.009873 -0.005378 0.999937 -0.001048 0.004740 0.999988 -0.000866 -0.003432 0.999994 -0.001873 0.003251 0.999993 -0.000249 0.001046 0.999999 
-0.001822 0.000413 0.999998 -0.009781 -0.005330 0.999938 -0.001047 0.004740 0.999988 -0.000399 -0.001580 0.999999 -0.001823 0.003162 0.999993 -0.000312 0.001313 0.999999 
-0.001688 0.000383 0.999999 -0.009744 -0.005310 0.999938 -0.001039 0.004700 0.999988 -0.000369 -0.001461 0.999999 -0.001795 0.003113 0.999994 -0.000288 0.001209 0.999999 
0.000183 -0.000042 1.000000 -0.009623 -0.005244 0.999940 -0.001051 0.004753 0.999988 -0.000826 -0.003274 0.999994 -0.001728 0.002997 0.999994 -0.000254 0.001065 0.999999 
-0.000305 0.000069 1.000000 -0.009504 -0.005180 0.999941 -0.001008 0.004560 0.999989 -0.000862 -0.003417 0.999994 -0.001661 0.002880 0.999994 -0.000279 0.001172 0.999999 
0.001449 -0.000329 0.999999 -0.009446 -0.005148 0.999942 -0.001064 0.004810 0.999988 -0.000966 -0.003822 0.999992 -0.001633 0.002832 0.999995 -0.000210 0.000880 1.000000 
0.000130 -0.000029 1.000000 -0.009453 -0.005152 0.999942 -0.001007 0.004558 0.999989 -0.001376 -0.005448 0.999984 -0.001619 0.002808 0.999995 -0.000377 0.001584 0.999999 
0.000063 -0.000014 1.000000 -0.009590 -0.005228 0.999940 -0.001017 0.004602 0.999989 -0.001252 -0.004956 0.999987 -0.001639 0.002842 0.999995 -0.000347 0.001456 0.999999 
0.000055 -0.000013 1.000000 -0.009683 -0.005278 0.999939 -0.001025 0.004636 0.999989 -0.001138 -0.004504 0.999989 -0.001652 0.002866 0.999995 -0.000316 0.001327 0.999999 
0.000051 -0.000012 1.000000 -0.009737 -0.005306 0.999939 -0.001029 0.004654 0.999989 -0.001037 -0.004106 0.999991 -0.001662 0.002883 0.999994 -0.000288 0.001211 0.999999 
-0.001740 0.000395 0.999998 -0.009712 -0.005295 0.999939 -0.000880 0.003986 0.999992 -0.001830 -0.007254 0.999972 -0.001633 0.002831 0.999995 -0.000488 0.002053 0.999998 
-0.000141 0.000032 1.000000 -0.009667 -0.005270 0.999939 -0.000962 0.004354 0.999990 -0.001620 -0.006424 0.999978 -0.001587 0.002752 0.999995 -0.000389 0.001636 0.999999 
-0.000114 0.000026 1.000000 -0.009626 -0.005249 0.999940 -0.000958 0.004336 0.999990 -0.001465 -0.005809 0.999982 -0.001531 0.002654 0.999995 -0.000353 0.001485 0.999999 
-0.000088 0.000020 1.000000 -0.009566 -0.005216 0.999941 -0.000952 0.004311 0.999990 -0.001326 -0.005257 0.999985 -0.001482 0.002568 0.999996 -0.000321 0.001348 0.999999 
-0.000068 0.000015 1.000000 -0.009491 -0.005177 0.999942 -0.000946 0.004282 0.999990 -0.001203 -0.004768 0.999988 -0.001446 0.002505 0.999996 -0.000292 0.001227 0.999999 
-0.000178 0.000040 1.000000 -0.009413 -0.005135 0.999943 -0.000933 0.004223 0.999991 -0.001126 -0.004465 0.999989 -0.001412 0.002447 0.999996 -0.000279 0.001174 0.999999 
-0.000519 0.000118 1.000000 -0.009424 -0.005141 0.999942 -0.000935 0.004233 0.999991 -0.001246 -0.004933 0.999987 -0.001415 0.002452 0.999996 -0.000345 0.001451 0.999999 
0.002644 -0.000600 0.999996 -0.009310 -0.005077 0.999944 -0.000973 0.004408 0.999990 -0.002712 -0.010737 0.999939 -0.001402 0.002430 0.999996 -0.000466 0.001962 0.999998 
0.002585 -0.000587 0.999996 -0.009072 -0.004948 0.999947 -0.000967 0.004382 0.999990 -0.002374 -0.009402 0.999953 -0.001382 0.002394 0.999996 -0.000408 0.001715 0.999998 
0.002837 -0.000645 0.999996 -0.008929 -0.004872 0.999948 -0.000992 0.004493 0.999989 -0.001985 -0.007856 0.999967 -0.001374 0.002381 0.999996 -0.000331 0.001393 0.999999 
0.004461 -0.001014 0.999990 -0.008897 -0.004854 0.999949 -0.001143 0.005171 0.999986 -0.001149 -0.004544 0.999989 -0.001405 0.002434 0.999996 -0.000147 0.000618 1.000000 
0.004017 -0.000914 0.999992 -0.008969 -0.004893 0.999948 -0.001134 0.005131 0.999986 -0.001040 -0.004115 0.999991 -0.001468 0.002544 0.999996 -0.000136 0.000573 1.000000 
0.003617 -0.000823 0.999993 -0.009092 -0.004959 0.999946 -0.001132 0.005121 0.999986 -0.000942 -0.003726 0.999993 -0.001534 0.002659 0.999995 -0.000127 0.000534 1.000000 
0.003259 -0.000741 0.999994 -0.009261 -0.005051 0.999944 -0.001133 0.005126 0.999986 -0.000853 -0.003373 0.999994 -0.001572 0.002725 0.999995 -0.000118 0.000495 1.000000 
0.002930 -0.000666 0.999995 -0.009465 -0.005162 0.999942 -0.001138 0.005149 0.999986 -0.000773 -0.003056 0.999995 -0.001604 0.002780 0.999995 -0.000110 0.000462 1.000000 
0.003098 -0.000705 0.999995 -0.009656 -0.005265 0.999940 -0.001251 0.005654 0.999983 -0.000296 -0.001169 0.999999 -0.001665 0.002886 0.999994 -0.000086 0.000361 1.000000 
0.002802 -0.000637 0.999996 -0.009858 -0.005376 0.999937 -0.001253 0.005662 0.999983 -0.000275 -0.001089 0.999999 -0.001742 0.003019 0.999994 -0.000081 0.000339 1.000000 
0.000591 -0.000134 1.000000 -0.010107 -0.005512 0.999934 -0.001244 0.005624 0.999983 -0.000076 -0.000302 1.000000 -0.001831 0.003174 0.999993 -0.000202 0.000850 1.000000 
0.000526 -0.000120 1.000000 -0.010231 -0.005578 0.999932 -0.001240 0.005610 0.999983 -0.000078 -0.000307 1.000000 -0.001869 0.003240 0.999993 -0.000187 0.000784 1.000000 
0.000474 -0.000108 1.000000 -0.010285 -0.005608 0.999931 -0.001229 0.005557 0.999984 -0.000079 -0.000313 1.000000 -0.001863 0.003230 0.999993 -0.000172 0.000721 1.000000 
-0.001665 0.000378 0.999999 -0.010322 -0.005628 0.999931 -0.001172 0.005309 0.999985 -0.000062 -0.000244 1.000000 -0.001847 0.003203 0.999993 -0.000309 0.001302 0.999999 
-0.000206 0.000047 1.000000 -0.010310 -0.005620 0.999931 -0.001231 0.005570 0.999984 -0.000022 -0.000086 1.000000 -0.001823 0.003161 0.999993 -0.000231 0.000972 1.000000 
-0.000172 0.000039 1.000000 -0.010305 -0.005618 0.999931 -0.001213 0.005489 0.999984 -0.000030 -0.000120 1.000000 -0.001791 0.003105 0.999994 -0.000212 0.000889 1.000000 
-0.000139 0.000032 1.000000 -0.010306 -0.005618 0.999931 -0.001197 0.005416 0.999985 -0.000039 -0.000154 1.000000 -0.001757 0.003047 0.999994 -0.000194 0.000814 1.000000 
-0.001030 0.000234 0.999999 -0.010337 -0.005636 0.999931 -0.001192 0.005395 0.999985 0.000194 0.000766 1.000000 -0.001739 0.003014 0.999994 -0.000217 0.000911 1.000000 
-0.000468 0.000106 1.000000 -0.010322 -0.005627 0.999931 -0.001184 0.005357 0.999985 0.000038 0.000151 1.000000 -0.001695 0.002938 0.999994 -0.000196 0.000824 1.000000 
0.000305 -0.000069 1.000000 -0.010271 -0.005600 0.999932 -0.001177 0.005324 0.999985 -0.000186 -0.000737 1.000000 -0.001651 0.002862 0.999995 -0.000178 0.000747 1.000000 
0.001568 -0.000356 0.999999 -0.010136 -0.005527 0.999933 -0.001223 0.005534 0.999984 -0.000385 -0.001525 0.999999 -0.001622 0.002811 0.999995 -0.000180 0.000758 1.000000 
0.001417 -0.000321 0.999999 -0.010110 -0.005514 0.999934 -0.001204 0.005444 0.999984 -0.000354 -0.001405 0.999999 -0.001610 0.002790 0.999995 -0.000166 0.000699 1.000000 
0.001279 -0.000290 0.999999 -0.010143 -0.005533 0.999933 -0.001190 0.005384 0.999985 -0.000328 -0.001302 0.999999 -0.001602 0.002777 0.999995 -0.000153 0.000644 1.000000 
-0.000972 0.000220 1.000000 -0.010226 -0.005579 0.999932 -0.001128 0.005104 0.999986 -0.000389 -0.001541 0.999999 -0.001624 0.002814 0.999995 -0.000303 0.001275 0.999999 
0.000972 -0.000220 1.000000 -0.010158 -0.005542 0.999933 -0.001134 0.005130 0.999986 -0.000999 -0.003968 0.999992 -0.001614 0.002797 0.999995 -0.000282 0.001183 0.999999 
0.000877 -0.000199 1.000000 -0.010173 -0.005551 0.999933 -0.001126 0.005094 0.999986 -0.000911 -0.003618 0.999993 -0.001606 0.002783 0.999995 -0.000258 0.001082 0.999999 
0.001518 -0.000343 0.999999 -0.010186 -0.005559 0.999933 -0.001173 0.005302 0.999985 -0.000843 -0.003348 0.999994 -0.001614 0.002796 0.999995 -0.000232 0.000976 0.999999 
0.001820 -0.000412 0.999998 -0.010262 -0.005601 0.999932 -0.001186 0.005360 0.999985 -0.000815 -0.003236 0.999994 -0.001624 0.002813 0.999995 -0.000202 0.000847 1.000000 
0.001642 -0.000372 0.999999 -0.010401 -0.005676 0.999930 -0.001187 0.005365 0.999985 -0.000744 -0.002954 0.999995 -0.001638 0.002838 0.999995 -0.000185 0.000779 1.000000 
-0.000549 0.000124 1.000000 -0.010551 -0.005760 0.999928 -0.001091 0.004934 0.999987 -0.001122 -0.004463 0.999989 -0.001647 0.002852 0.999995 -0.000363 0.001524 0.999999 
