0.000287 -0.001524 0.999999 0.000237 0.000044 1.000000 0.000228 0.000043 1.000000 0.000252 -0.001524 0.999999 
0.000356 -0.001895 0.999998 -0.000543 -0.000100 1.000000 -0.000554 -0.000105 1.000000 0.000316 -0.001914 0.999998 
0.000405 -0.002155 0.999998 0.000366 0.000067 1.000000 0.000353 0.000067 1.000000 0.000356 -0.002155 0.999998 
0.000485 -0.002578 0.999997 0.002212 0.000406 0.999997 0.002194 0.000416 0.999998 0.000419 -0.002539 0.999997 
0.001320 -0.007025 0.999974 0.004941 0.000906 0.999987 0.004892 0.000928 0.999988 0.001144 -0.006941 0.999975 
0.000970 -0.005164 0.999986 0.007252 0.001330 0.999973 0.007212 0.001368 0.999973 0.000828 -0.005021 0.999987 
0.000858 -0.004568 0.999989 0.006515 0.001195 0.999978 0.006479 0.001229 0.999978 0.000732 -0.004440 0.999990 
0.000726 -0.003866 0.999992 0.005769 0.001058 0.999983 0.005739 0.001089 0.999983 0.000619 -0.003752 0.999993 
0.000554 -0.002951 0.999995 0.004391 0.000805 0.999990 0.004368 0.000828 0.999990 0.000472 -0.002863 0.999996 
0.000150 -0.000801 1.000000 0.000581 0.000107 1.000000 0.000576 0.000109 1.000000 0.000130 -0.000791 1.000000 
-0.000371 0.001974 0.999998 -0.000287 -0.000053 1.000000 -0.000275 -0.000052 1.000000 -0.000326 0.001975 0.999998 
-0.000340 0.001808 0.999998 -0.000280 -0.000051 1.000000 -0.000269 -0.000051 1.000000 -0.000298 0.001809 0.999998 
-0.000198 0.001054 0.999999 -0.000290 -0.000053 1.000000 -0.000283 -0.000054 1.000000 -0.000173 0.001052 0.999999 
-0.000223 0.001233 0.999999 0.000451 0.000079 1.000000 0.000458 0.000084 1.000000 -0.000197 0.001247 0.999999 
-0.000375 0.002073 0.999998 -0.001763 -0.000311 0.999998 -0.001749 -0.000320 0.999998 -0.000323 0.002041 0.999998 
-0.000573 0.003149 0.999995 0.000896 0.000159 1.000000 0.000914 0.000168 1.000000 -0.000506 0.003180 0.999995 
-0.000071 0.000393 1.000000 -0.002021 -0.000358 0.999998 -0.002016 -0.000370 0.999998 -0.000055 0.000349 1.000000 
-0.000063 0.000345 1.000000 -0.001831 -0.000324 0.999998 -0.001827 -0.000335 0.999998 -0.000048 0.000305 1.000000 
-0.000228 0.001275 0.999999 -0.007207 -0.001259 0.999973 -0.007192 -0.001302 0.999973 -0.000175 0.001118 0.999999 
-0.000246 0.001400 0.999999 -0.017107 -0.002930 0.999849 -0.017080 -0.003033 0.999850 -0.000156 0.001022 0.999999 
-0.000887 0.005223 0.999986 -0.038072 -0.006302 0.999255 -0.038001 -0.006530 0.999256 -0.000645 0.004389 0.999990 
-0.000940 0.005627 0.999984 -0.052585 -0.008569 0.998580 -0.052498 -0.008885 0.998582 -0.000645 0.004470 0.999990 
-0.000872 0.005220 0.999986 -0.054894 -0.008944 0.998452 -0.054807 -0.009274 0.998454 -0.000579 0.004009 0.999992 
-0.000800 0.004792 0.999988 -0.049092 -0.007989 0.998762 -0.049014 -0.008285 0.998764 -0.000535 0.003710 0.999993 
-0.006000 -0.009503 0.999937 -0.009590 -0.000245 0.999954 -0.000525 0.003643 0.999993 -0.018820 0.011843 0.999753 -0.007580 -0.002847 0.999967 
-0.000220 -0.000346 1.000000 -0.009297 -0.000253 0.999957 -0.000604 0.004194 0.999991 -0.008025 0.005098 0.999955 -0.006041 -0.002281 0.999979 
-0.000101 -0.000159 1.000000 -0.008443 -0.000230 0.999964 -0.000551 0.003828 0.999993 -0.003592 0.002282 0.999991 -0.006950 -0.002625 0.999972 
-0.000098 -0.000154 1.000000 -0.014942 -0.000404 0.999888 -0.000523 0.003640 0.999993 -0.006702 0.004258 0.999968 -0.010956 -0.004136 0.999931 
-0.000165 -0.000258 1.000000 -0.023143 -0.000622 0.999732 -0.000363 0.002562 0.999997 -0.012871 0.008202 0.999884 -0.014827 -0.005594 0.999874 
-0.000746 -0.001160 0.999999 -0.030540 -0.000802 0.999533 -0.000344 0.002472 0.999997 -0.018626 0.011938 0.999755 -0.019058 -0.007177 0.999793 
-0.001468 -0.002270 0.999996 -0.036544 -0.000916 0.999332 -0.000326 0.002409 0.999997 -0.023052 0.014855 0.999624 -0.022862 -0.008579 0.999702 
-0.001713 -0.002636 0.999995 -0.040879 -0.000972 0.999164 -0.000358 0.002705 0.999996 -0.026259 0.017001 0.999511 -0.025433 -0.009510 0.999631 
-0.001049 -0.001607 0.999998 -0.044198 -0.001022 0.999022 -0.000342 0.002639 0.999996 -0.028755 0.018710 0.999411 -0.026394 -0.009847 0.999603 
-0.000348 -0.000531 1.000000 -0.046530 -0.001045 0.998916 -0.000355 0.002796 0.999996 -0.030646 0.020037 0.999329 -0.026839 -0.009989 0.999590 
-0.000335 -0.000510 1.000000 -0.047517 -0.001010 0.998870 -0.000415 0.003318 0.999994 -0.031675 0.020716 0.999284 -0.027436 -0.010180 0.999572 
-0.000314 -0.000478 1.000000 -0.048271 -0.001012 0.998834 -0.000550 0.004427 0.999990 -0.032435 0.021217 0.999249 -0.028131 -0.010426 0.999550 
-0.000292 -0.000445 1.000000 -0.048429 -0.001016 0.998826 -0.000558 0.004491 0.999990 -0.032717 0.021403 0.999235 -0.028143 -0.010430 0.999549 
-0.000273 -0.000415 1.000000 -0.048093 -0.001013 0.998842 -0.000557 0.004485 0.999990 -0.032532 0.021282 0.999244 -0.027919 -0.010349 0.999557 
-0.000255 -0.000388 1.000000 -0.047325 -0.001003 0.998879 -0.000553 0.004446 0.999990 -0.031886 0.020861 0.999274 -0.027525 -0.010204 0.999569 
-0.000237 -0.000360 1.000000 -0.046057 -0.000988 0.998938 -0.000530 0.004256 0.999991 -0.030792 0.020148 0.999323 -0.026850 -0.009958 0.999590 
-0.000220 -0.000334 1.000000 -0.044220 -0.000949 0.999021 -0.000516 0.004150 0.999991 -0.029317 0.019184 0.999386 -0.025900 -0.009605 0.999618 
-0.000202 -0.000308 1.000000 -0.041989 -0.000902 0.999118 -0.000492 0.003956 0.999992 -0.027419 0.017942 0.999463 -0.024773 -0.009186 0.999651 
-0.000185 -0.000282 1.000000 -0.039375 -0.000847 0.999224 -0.000461 0.003706 0.999993 -0.025079 0.016410 0.999551 -0.023495 -0.008712 0.999686 
-0.000167 -0.000255 1.000000 -0.036414 -0.000785 0.999336 -0.000421 0.003383 0.999994 -0.022424 0.014673 0.999641 -0.022037 -0.008171 0.999724 
-0.000149 -0.000226 1.000000 -0.033218 -0.000717 0.999448 -0.000380 0.003051 0.999995 -0.019851 0.012989 0.999719 -0.020345 -0.007544 0.999765 
-0.000130 -0.000197 1.000000 -0.029856 -0.000645 0.999554 -0.000341 0.002739 0.999996 -0.017524 0.011467 0.999781 -0.018417 -0.006828 0.999807 
-0.000110 -0.000168 1.000000 -0.026163 -0.000566 0.999658 -0.000305 0.002448 0.999997 -0.015184 0.009936 0.999835 -0.016226 -0.006016 0.999850 
-0.000091 -0.000138 1.000000 -0.022214 -0.000481 0.999753 -0.000271 0.002177 0.999998 -0.012779 0.008362 0.999883 -0.013858 -0.005138 0.999891 
-0.000071 -0.000108 1.000000 -0.018116 -0.000393 0.999836 -0.000240 0.001924 0.999998 -0.010299 0.006739 0.999924 -0.011403 -0.004227 0.999926 
0.000403 0.000614 1.000000 -0.013921 -0.000303 0.999903 -0.000210 0.001686 0.999999 -0.007578 0.004957 0.999959 -0.008519 -0.003158 0.999959 
0.001672 0.002550 0.999995 -0.009635 -0.000210 0.999954 -0.000183 0.001466 0.999999 -0.004885 0.003192 0.999983 -0.004750 -0.001762 0.999987 
0.002764 0.004218 0.999987 -0.005005 -0.000107 0.999987 -0.000313 0.002508 0.999997 -0.002558 0.001669 0.999995 -0.001161 -0.000431 0.999999 
0.004204 0.006419 0.999971 -0.000768 -0.000017 1.000000 -0.000289 0.002325 0.999997 -0.000080 0.000052 1.000000 0.002826 0.001049 0.999995 
0.004535 0.006917 0.999966 0.000195 0.000004 1.000000 -0.000259 0.002083 0.999998 -0.000133 0.000087 1.000000 0.004080 0.001521 0.999991 
0.004015 0.006122 0.999973 0.000183 0.000004 1.000000 -0.000229 0.001841 0.999998 -0.000318 0.000208 1.000000 0.003724 0.001397 0.999992 
0.003545 0.005402 0.999979 0.000179 0.000004 1.000000 -0.000201 0.001615 0.999999 -0.001270 0.000830 0.999999 0.003750 0.001417 0.999992 
0.002921 0.004449 0.999986 0.000920 0.000019 1.000000 -0.000283 0.002273 0.999997 -0.002109 0.001380 0.999997 0.003864 0.001467 0.999991 
0.001729 0.002629 0.999995 0.001559 0.000027 0.999999 -0.000233 0.001872 0.999998 -0.002299 0.001506 0.999996 0.003403 0.001288 0.999993 
0.000511 0.000775 1.000000 0.002149 0.000027 0.999998 -0.000273 0.002184 0.999998 -0.001571 0.001032 0.999998 0.002193 0.000823 0.999997 
-0.000149 -0.000225 1.000000 0.001957 0.000018 0.999998 -0.000334 0.002679 0.999996 -0.000742 0.000489 1.000000 0.000798 0.000297 1.000000 
-0.000146 -0.000220 1.000000 0.002777 0.000022 0.999996 -0.000524 0.004209 0.999991 -0.000205 0.000135 1.000000 0.000674 0.000250 1.000000 
-0.000336 -0.000507 1.000000 0.004492 0.000036 0.999990 -0.000386 0.003088 0.999995 -0.000157 0.000104 1.000000 0.002281 0.000847 0.999997 
-0.000442 -0.000667 1.000000 0.003704 0.000030 0.999993 -0.000325 0.002600 0.999997 -0.000430 0.000284 1.000000 0.001822 0.000677 0.999998 
-0.000455 -0.000686 1.000000 0.002192 0.000019 0.999998 0.000041 -0.000331 1.000000 -0.000794 0.000524 1.000000 0.001809 0.000673 0.999998 
-0.000505 -0.000762 1.000000 0.002024 0.000017 0.999998 0.000014 -0.000111 1.000000 -0.001360 0.000898 0.999999 0.001788 0.000665 0.999998 
-0.000413 -0.000623 1.000000 0.001804 0.000016 0.999998 0.000011 -0.000085 1.000000 -0.002007 0.001326 0.999997 0.001981 0.000737 0.999998 
-0.000223 -0.000336 1.000000 0.001448 0.000013 0.999999 0.000007 -0.000054 1.000000 -0.002740 0.001810 0.999995 0.002199 0.000818 0.999997 
-0.000020 -0.000030 1.000000 0.000833 0.000007 1.000000 -0.000064 0.000510 1.000000 -0.003462 0.002288 0.999991 0.002016 0.000749 0.999998 
-0.000025 -0.000038 1.000000 0.000762 0.000007 1.000000 -0.000061 0.000486 1.000000 -0.004125 0.002727 0.999988 0.002256 0.000839 0.999997 
-0.000028 -0.000042 1.000000 0.000696 0.000006 1.000000 -0.000057 0.000459 1.000000 -0.004700 0.003107 0.999984 0.002463 0.000916 0.999997 
0.000000 0.000000 1.000000 0.000501 0.000004 1.000000 -0.000038 0.000304 1.000000 -0.005147 0.003403 0.999981 0.002588 0.000962 0.999996 
0.000020 0.000030 1.000000 0.000288 0.000003 1.000000 -0.000049 0.000395 1.000000 -0.005138 0.003397 0.999981 0.002394 0.000889 0.999997 
-0.000069 -0.000104 1.000000 -0.000222 -0.000002 1.000000 0.000085 -0.000684 1.000000 -0.005462 0.003612 0.999979 0.002423 0.000900 0.999997 
-0.000067 -0.000101 1.000000 -0.000177 -0.000002 1.000000 0.000074 -0.000596 1.000000 -0.005679 0.003757 0.999977 0.002526 0.000938 0.999996 
-0.000068 -0.000102 1.000000 -0.000142 -0.000001 1.000000 0.000064 -0.000515 1.000000 -0.005809 0.003844 0.999976 0.002583 0.000959 0.999996 
-0.000067 -0.000100 1.000000 -0.000109 -0.000001 1.000000 0.000055 -0.000441 1.000000 -0.005887 0.003896 0.999975 0.002618 0.000972 0.999996 
-0.000064 -0.000096 1.000000 -0.000075 -0.000001 1.000000 0.000044 -0.000357 1.000000 -0.005939 0.003930 0.999975 0.002641 0.000981 0.999996 
-0.000062 -0.000093 1.000000 -0.000018 -0.000000 1.000000 -0.000055 0.000439 1.000000 -0.005934 0.003927 0.999975 0.002393 0.000888 0.999997 
-0.000059 -0.000088 1.000000 -0.000003 -0.000000 1.000000 -0.000051 0.000406 1.000000 -0.005833 0.003860 0.999976 0.002376 0.000882 0.999997 
-0.000057 -0.000085 1.000000 0.000015 0.000000 1.000000 -0.000045 0.000362 1.000000 -0.005694 0.003768 0.999977 0.002348 0.000871 0.999997 
-0.000162 -0.000244 1.000000 0.000347 0.000003 1.000000 -0.000175 0.001402 0.999999 -0.005630 0.003726 0.999977 0.002099 0.000778 0.999997 
-0.000147 -0.000222 1.000000 0.000247 0.000002 1.000000 -0.000027 0.000219 1.000000 -0.005361 0.003548 0.999979 0.002348 0.000871 0.999997 
-0.000117 -0.000176 1.000000 0.000138 0.000001 1.000000 -0.000231 0.001857 0.999998 -0.005208 0.003446 0.999981 0.001617 0.000599 0.999999 
-0.000109 -0.000164 1.000000 0.000146 0.000001 1.000000 -0.000211 0.001698 0.999999 -0.005026 0.003326 0.999982 0.001610 0.000597 0.999999 
-0.000146 -0.000219 1.000000 -0.000117 -0.000001 1.000000 -0.000028 0.000228 1.000000 -0.004913 0.003252 0.999983 0.001847 0.000685 0.999998 
-0.000136 -0.000205 1.000000 -0.000085 -0.000001 1.000000 -0.000022 0.000174 1.000000 -0.004755 0.003147 0.999984 0.001833 0.000680 0.999998 
0.000122 0.000184 1.000000 -0.000269 -0.000002 1.000000 -0.000020 0.000164 1.000000 -0.005106 0.003379 0.999981 0.002108 0.000782 0.999997 
0.000094 0.000142 1.000000 -0.000236 -0.000002 1.000000 -0.000020 0.000161 1.000000 -0.005029 0.003328 0.999982 0.002074 0.000769 0.999998 
0.000039 0.000059 1.000000 0.000213 0.000002 1.000000 -0.000322 0.002592 0.999997 -0.004938 0.003268 0.999982 0.001449 0.000536 0.999999 
0.000019 0.000028 1.000000 0.000204 0.000002 1.000000 -0.000293 0.002361 0.999997 -0.004808 0.003182 0.999983 0.001448 0.000536 0.999999 
-0.000002 -0.000002 1.000000 -0.000129 -0.000001 1.000000 -0.000119 0.000956 1.000000 -0.004684 0.003100 0.999984 0.001615 0.000598 0.999999 
-0.000003 -0.000005 1.000000 -0.000295 -0.000003 1.000000 0.000037 -0.000301 1.000000 -0.004608 0.003050 0.999985 0.001906 0.000706 0.999998 
-0.000002 -0.000003 1.000000 -0.000038 -0.000000 1.000000 0.000019 -0.000150 1.000000 -0.004566 0.003022 0.999985 0.002045 0.000758 0.999998 
-0.000016 -0.000024 1.000000 -0.000054 -0.000000 1.000000 -0.000136 0.001093 0.999999 -0.004527 0.002996 0.999985 0.001541 0.000571 0.999999 
-0.000032 -0.000048 1.000000 0.000154 0.000001 1.000000 -0.000130 0.001045 0.999999 -0.004484 0.002967 0.999986 0.001695 0.000628 0.999998 
-0.000058 -0.000088 1.000000 0.000181 0.000002 1.000000 -0.000229 0.001843 0.999998 -0.004429 0.002931 0.999986 0.001371 0.000508 0.999999 
-0.000100 -0.000151 1.000000 0.000013 0.000000 1.000000 -0.000025 0.000204 1.000000 -0.004353 0.002880 0.999986 0.001759 0.000652 0.999998 
-0.000144 -0.000216 1.000000 0.000082 0.000001 1.000000 -0.000023 0.000182 1.000000 -0.004305 0.002849 0.999987 0.001757 0.000651 0.999998 
-0.000190 -0.000287 1.000000 0.000286 0.000003 1.000000 -0.000064 0.000516 1.000000 -0.004293 0.002841 0.999987 0.001749 0.000648 0.999998 
-0.000190 -0.000286 1.000000 0.000285 0.000003 1.000000 -0.000060 0.000484 1.000000 -0.004274 0.002828 0.999987 0.001752 0.000649 0.999998 
-0.000182 -0.000274 1.000000 0.000026 0.000000 1.000000 0.000028 -0.000225 1.000000 -0.004267 0.002823 0.999987 0.001804 0.000668 0.999998 
-0.000164 -0.000247 1.000000 0.000027 0.000000 1.000000 0.000023 -0.000184 1.000000 -0.004291 0.002839 0.999987 0.001819 0.000674 0.999998 
-0.000161 -0.000243 1.000000 0.000044 0.000000 1.000000 0.000019 -0.000149 1.000000 -0.004308 0.002850 0.999987 0.001831 0.000678 0.999998 
-0.000178 -0.000268 1.000000 0.000085 0.000001 1.000000 0.000015 -0.000119 1.000000 -0.004308 0.002850 0.999987 0.001837 0.000680 0.999998 
-0.000200 -0.000302 1.000000 0.000130 0.000001 1.000000 0.000011 -0.000089 1.000000 -0.004317 0.002855 0.999987 0.001844 0.000683 0.999998 
-0.000109 -0.000164 1.000000 0.000071 0.000001 1.000000 -0.000186 0.001506 0.999999 -0.004292 0.002839 0.999987 0.001289 0.000476 0.999999 
-0.000173 -0.000261 1.000000 0.000065 0.000001 1.000000 -0.000179 0.001443 0.999999 -0.004287 0.002836 0.999987 0.001239 0.000458 0.999999 
-0.000219 -0.000329 1.000000 0.000070 0.000001 1.000000 -0.000189 0.001528 0.999999 -0.004253 0.002813 0.999987 0.001150 0.000425 0.999999 
-0.000268 -0.000404 1.000000 -0.000014 -0.000000 1.000000 -0.000079 0.000635 1.000000 -0.004160 0.002752 0.999988 0.001317 0.000487 0.999999 
-0.000267 -0.000402 1.000000 0.000164 0.000001 1.000000 -0.000075 0.000605 1.000000 -0.004065 0.002689 0.999988 0.001434 0.000530 0.999999 
-0.000269 -0.000404 1.000000 0.000185 0.000002 1.000000 -0.000067 0.000537 1.000000 -0.003991 0.002640 0.999989 0.001443 0.000533 0.999999 
-0.000298 -0.000449 1.000000 0.000240 0.000002 1.000000 -0.000059 0.000478 1.000000 -0.003932 0.002601 0.999989 0.001452 0.000537 0.999999 
-0.000338 -0.000508 1.000000 0.000188 0.000002 1.000000 0.000041 -0.000334 1.000000 -0.003881 0.002568 0.999989 0.001645 0.000609 0.999998 
-0.000357 -0.000538 1.000000 0.000237 0.000002 1.000000 0.000037 -0.000299 1.000000 -0.003860 0.002553 0.999989 0.001643 0.000608 0.999998 
-0.000369 -0.000556 1.000000 0.000275 0.000003 1.000000 0.000032 -0.000262 1.000000 -0.003869 0.002560 0.999989 0.001653 0.000611 0.999998 
-0.000369 -0.000555 1.000000 0.000226 0.000002 1.000000 0.000051 -0.000413 1.000000 -0.003897 0.002578 0.999989 0.001680 0.000621 0.999998 
-0.000254 -0.000382 1.000000 0.000210 0.000002 1.000000 -0.000174 0.001405 0.999999 -0.003924 0.002596 0.999989 0.001129 0.000417 0.999999 
-0.000197 -0.000297 1.000000 0.000360 0.000003 1.000000 -0.000183 0.001480 0.999999 -0.003891 0.002575 0.999989 0.001269 0.000469 0.999999 
-0.000184 -0.000277 1.000000 0.000337 0.000003 1.000000 -0.000166 0.001340 0.999999 -0.003842 0.002542 0.999989 0.001293 0.000478 0.999999 
-0.000206 -0.000311 1.000000 -0.000196 -0.000002 1.000000 0.000123 -0.000994 0.999999 -0.003769 0.002495 0.999990 0.001656 0.000612 0.999998 
-0.000229 -0.000345 1.000000 0.000384 0.000004 1.000000 -0.000048 0.000388 1.000000 -0.003721 0.002463 0.999990 0.001582 0.000584 0.999999 
-0.000195 -0.000294 1.000000 -0.000484 -0.000005 1.000000 0.000140 -0.001137 0.999999 -0.003758 0.002487 0.999990 0.001476 0.000545 0.999999 
-0.000171 -0.000257 1.000000 0.000002 0.000000 1.000000 0.000004 -0.000034 1.000000 -0.003766 0.002492 0.999990 0.001501 0.000554 0.999999 
-0.000147 -0.000221 1.000000 -0.000099 -0.000001 1.000000 0.000169 -0.001364 0.999999 -0.003769 0.002494 0.999990 0.001933 0.000714 0.999998 
-0.000154 -0.000232 1.000000 0.000165 0.000002 1.000000 0.000027 -0.000218 1.000000 -0.003806 0.002519 0.999990 0.001737 0.000641 0.999998 
-0.000135 -0.000203 1.000000 0.000149 0.000001 1.000000 0.000024 -0.000196 1.000000 -0.003813 0.002523 0.999990 0.001739 0.000642 0.999998 
-0.000120 -0.000181 1.000000 0.000137 0.000001 1.000000 0.000021 -0.000174 1.000000 -0.003823 0.002530 0.999989 0.001741 0.000643 0.999998 
-0.000108 -0.000162 1.000000 0.000127 0.000001 1.000000 0.000019 -0.000151 1.000000 -0.003831 0.002535 0.999989 0.001740 0.000642 0.999998 
-0.000112 -0.000169 1.000000 -0.000738 -0.000007 1.000000 0.000262 -0.002130 0.999998 -0.003889 0.002573 0.999989 0.001773 0.000654 0.999998 
-0.000100 -0.000151 1.000000 -0.000639 -0.000006 1.000000 0.000234 -0.001896 0.999998 -0.003959 0.002620 0.999989 0.001812 0.000669 0.999998 
-0.000085 -0.000128 1.000000 -0.000474 -0.000004 1.000000 0.000215 -0.001746 0.999998 -0.004042 0.002675 0.999988 0.001945 0.000718 0.999998 
-0.000073 -0.000110 1.000000 -0.000410 -0.000004 1.000000 0.000192 -0.001556 0.999999 -0.004116 0.002723 0.999988 0.001972 0.000728 0.999998 
-0.000065 -0.000097 1.000000 -0.000346 -0.000003 1.000000 0.000169 -0.001369 0.999999 -0.004175 0.002763 0.999987 0.001992 0.000735 0.999998 
-0.000056 -0.000084 1.000000 -0.000296 -0.000003 1.000000 0.000150 -0.001222 0.999999 -0.004222 0.002793 0.999987 0.002008 0.000741 0.999998 
-0.000042 -0.000064 1.000000 -0.000010 -0.000000 1.000000 -0.000015 0.000123 1.000000 -0.004197 0.002777 0.999987 0.001754 0.000646 0.999998 
-0.000051 -0.000077 1.000000 -0.000011 -0.000000 1.000000 -0.000145 0.001179 0.999999 -0.004111 0.002720 0.999988 0.001319 0.000485 0.999999 
-0.000048 -0.000072 1.000000 -0.000002 -0.000000 1.000000 -0.000131 0.001068 0.999999 -0.003999 0.002646 0.999989 0.001321 0.000486 0.999999 
-0.000077 -0.000116 1.000000 -0.000616 -0.000006 1.000000 0.000195 -0.001586 0.999999 -0.003879 0.002567 0.999989 0.001703 0.000628 0.999998 
-0.000072 -0.000109 1.000000 -0.000526 -0.000005 1.000000 0.000173 -0.001404 0.999999 -0.003785 0.002504 0.999990 0.001674 0.000617 0.999998 
-0.000078 -0.000118 1.000000 -0.000439 -0.000004 1.000000 0.000154 -0.001253 0.999999 -0.003726 0.002464 0.999990 0.001658 0.000611 0.999998 
-0.000099 -0.000150 1.000000 -0.000336 -0.000003 1.000000 0.000136 -0.001108 0.999999 -0.003707 0.002451 0.999990 0.001660 0.000612 0.999998 
-0.000109 -0.000165 1.000000 -0.000264 -0.000002 1.000000 0.000121 -0.000986 1.000000 -0.003726 0.002464 0.999990 0.001673 0.000617 0.999998 
-0.000063 -0.000096 1.000000 0.000015 0.000000 1.000000 0.000002 -0.000018 1.000000 -0.003695 0.002444 0.999990 0.001582 0.000583 0.999999 
-0.000076 -0.000114 1.000000 -0.000189 -0.000002 1.000000 0.000093 -0.000754 1.000000 -0.003684 0.002436 0.999990 0.001666 0.000614 0.999998 
-0.000063 -0.000095 1.000000 0.000207 0.000002 1.000000 -0.000077 0.000625 1.000000 -0.003684 0.002436 0.999990 0.001500 0.000552 0.999999 
-0.000054 -0.000082 1.000000 0.000191 0.000002 1.000000 -0.000070 0.000574 1.000000 -0.003631 0.002401 0.999991 0.001491 0.000549 0.999999 
-0.000048 -0.000072 1.000000 0.000179 0.000002 1.000000 -0.000062 0.000510 1.000000 -0.003569 0.002360 0.999991 0.001484 0.000546 0.999999 
-0.000066 -0.000099 1.000000 0.000227 0.000002 1.000000 -0.000192 0.001571 0.999999 -0.003528 0.002333 0.999991 0.001098 0.000404 0.999999 
-0.000063 -0.000095 1.000000 0.000216 0.000002 1.000000 -0.000175 0.001429 0.999999 -0.003451 0.002283 0.999991 0.001110 0.000408 0.999999 
-0.000074 -0.000111 1.000000 -0.000174 -0.000002 1.000000 0.000044 -0.000357 1.000000 -0.003355 0.002220 0.999992 0.001388 0.000511 0.999999 
-0.000091 -0.000137 1.000000 -0.000046 -0.000000 1.000000 -0.000025 0.000203 1.000000 -0.003200 0.002117 0.999993 0.001202 0.000442 0.999999 
-0.000085 -0.000128 1.000000 -0.000299 -0.000003 1.000000 -0.000086 0.000708 1.000000 -0.003029 0.002004 0.999993 0.000738 0.000271 1.000000 
-0.000091 -0.000137 1.000000 -0.000029 -0.000000 1.000000 0.000050 -0.000406 1.000000 -0.002847 0.001883 0.999994 0.001282 0.000471 0.999999 
-0.000083 -0.000125 1.000000 -0.000021 -0.000000 1.000000 0.000044 -0.000364 1.000000 -0.002682 0.001774 0.999995 0.001210 0.000444 0.999999 
-0.000083 -0.000125 1.000000 -0.000010 -0.000000 1.000000 -0.000086 0.000705 1.000000 -0.002580 0.001706 0.999995 0.000783 0.000287 1.000000 
-0.000109 -0.000164 1.000000 -0.000230 -0.000002 1.000000 0.000187 -0.001534 0.999999 -0.002539 0.001679 0.999995 0.001374 0.000505 0.999999 
-0.000093 -0.000140 1.000000 -0.000123 -0.000001 1.000000 0.000029 -0.000237 1.000000 -0.002538 0.001678 0.999995 0.001004 0.000368 0.999999 
-0.000091 -0.000137 1.000000 0.000168 0.000002 1.000000 -0.000042 0.000348 1.000000 -0.002555 0.001689 0.999995 0.001040 0.000381 0.999999 
-0.000080 -0.000121 1.000000 -0.000161 -0.000002 1.000000 0.000160 -0.001313 0.999999 -0.002562 0.001694 0.999995 0.001389 0.000510 0.999999 
-0.000094 -0.000142 1.000000 -0.001100 -0.000011 0.999999 0.000332 -0.002724 0.999996 -0.002614 0.001728 0.999995 0.001134 0.000416 0.999999 
-0.000119 -0.000180 1.000000 -0.000923 -0.000009 1.000000 0.000295 -0.002423 0.999997 -0.002705 0.001788 0.999995 0.001185 0.000435 0.999999 
-0.000111 -0.000168 1.000000 -0.000812 -0.000008 1.000000 0.000265 -0.002172 0.999998 -0.002812 0.001859 0.999994 0.001241 0.000455 0.999999 
-0.000101 -0.000152 1.000000 -0.000714 -0.000007 1.000000 0.000236 -0.001941 0.999998 -0.002923 0.001933 0.999994 0.001297 0.000476 0.999999 
-0.000092 -0.000138 1.000000 -0.000628 -0.000006 1.000000 0.000211 -0.001735 0.999998 -0.003051 0.002017 0.999993 0.001358 0.000498 0.999999 
-0.000082 -0.000124 1.000000 -0.000557 -0.000005 1.000000 0.000190 -0.001557 0.999999 -0.003183 0.002105 0.999993 0.001420 0.000521 0.999999 
-0.000049 -0.000074 1.000000 -0.000200 -0.000002 1.000000 0.000045 -0.000371 1.000000 -0.003216 0.002127 0.999993 0.001331 0.000488 0.999999 
-0.000036 -0.000055 1.000000 -0.000147 -0.000001 1.000000 0.000038 -0.000309 1.000000 -0.003239 0.002142 0.999992 0.001375 0.000504 0.999999 
-0.000045 -0.000068 1.000000 0.000105 0.000001 1.000000 -0.000165 0.001363 0.999999 -0.003283 0.002171 0.999992 0.000984 0.000360 0.999999 
-0.000039 -0.000058 1.000000 0.000096 0.000001 1.000000 -0.000153 0.001257 0.999999 -0.003241 0.002144 0.999992 0.001003 0.000367 0.999999 
-0.000027 -0.000041 1.000000 -0.000503 -0.000005 1.000000 -0.000041 0.000341 1.000000 -0.003140 0.002077 0.999993 0.000808 0.000296 1.000000 
-0.000044 -0.000066 1.000000 -0.000052 -0.000000 1.000000 -0.000300 0.002477 0.999997 -0.003034 0.002007 0.999993 0.000339 0.000124 1.000000 
-0.000041 -0.000062 1.000000 -0.000039 -0.000000 1.000000 -0.000273 0.002253 0.999997 -0.002852 0.001886 0.999994 0.000354 0.000129 1.000000 
-0.000039 -0.000059 1.000000 -0.000027 -0.000000 1.000000 -0.000246 0.002032 0.999998 -0.002669 0.001766 0.999995 0.000366 0.000134 1.000000 
-0.000024 -0.000036 1.000000 -0.000648 -0.000006 1.000000 0.000197 -0.001628 0.999999 -0.002445 0.001618 0.999996 0.001102 0.000403 0.999999 
-0.000026 -0.000039 1.000000 -0.000584 -0.000006 1.000000 0.000173 -0.001430 0.999999 -0.002206 0.001459 0.999997 0.000976 0.000357 0.999999 
-0.000055 -0.000082 1.000000 -0.000474 -0.000005 1.000000 0.000153 -0.001266 0.999999 -0.001999 0.001322 0.999997 0.000888 0.000325 1.000000 
-0.000078 -0.000118 1.000000 0.000179 0.000002 1.000000 -0.000135 0.001121 0.999999 -0.001845 0.001220 0.999998 0.000467 0.000171 1.000000 
-0.000106 -0.000159 1.000000 0.000188 0.000002 1.000000 -0.000248 0.002054 0.999998 -0.001733 0.001146 0.999998 0.000058 0.000021 1.000000 
-0.000168 -0.000253 1.000000 -0.000318 -0.000003 1.000000 0.000038 -0.000314 1.000000 -0.001675 0.001108 0.999998 0.000411 0.000150 1.000000 
-0.000117 -0.000177 1.000000 0.000009 0.000000 1.000000 -0.000058 0.000480 1.000000 -0.001585 0.001049 0.999998 0.000406 0.000148 1.000000 
-0.000123 -0.000185 1.000000 -0.000067 -0.000001 1.000000 0.000014 -0.000118 1.000000 -0.001461 0.000966 0.999998 0.000501 0.000183 1.000000 
-0.000125 -0.000188 1.000000 -0.000031 -0.000000 1.000000 0.000012 -0.000099 1.000000 -0.001388 0.000919 0.999999 0.000490 0.000179 1.000000 
-0.000170 -0.000256 1.000000 0.000053 0.000000 1.000000 0.000010 -0.000081 1.000000 -0.001470 0.000972 0.999998 0.000543 0.000198 1.000000 
-0.000213 -0.000321 1.000000 0.000133 0.000001 1.000000 0.000007 -0.000059 1.000000 -0.001619 0.001071 0.999998 0.000622 0.000227 1.000000 
-0.000227 -0.000342 1.000000 0.000167 0.000002 1.000000 0.000005 -0.000042 1.000000 -0.001789 0.001184 0.999998 0.000705 0.000258 1.000000 
-0.000108 -0.000163 1.000000 0.000045 0.000000 1.000000 -0.000000 0.000002 1.000000 -0.001887 0.001249 0.999997 0.000752 0.000275 1.000000 
-0.000090 -0.000135 1.000000 0.000033 0.000000 1.000000 -0.000002 0.000014 1.000000 -0.002006 0.001328 0.999997 0.000810 0.000296 1.000000 
-0.000088 -0.000132 1.000000 0.000041 0.000000 1.000000 -0.000005 0.000042 1.000000 -0.002172 0.001439 0.999997 0.000881 0.000322 1.000000 
-0.000080 -0.000120 1.000000 0.000040 0.000000 1.000000 -0.000007 0.000062 1.000000 -0.002321 0.001538 0.999996 0.000946 0.000346 0.999999 
-0.000068 -0.000102 1.000000 0.000032 0.000000 1.000000 -0.000010 0.000081 1.000000 -0.002443 0.001620 0.999996 0.000999 0.000366 0.999999 
-0.000097 -0.000146 1.000000 -0.000516 -0.000005 1.000000 0.000176 -0.001458 0.999999 -0.002526 0.001675 0.999995 0.001112 0.000407 0.999999 
-0.000082 -0.000123 1.000000 -0.000125 -0.000001 1.000000 -0.000049 0.000404 1.000000 -0.002572 0.001705 0.999995 0.000793 0.000290 1.000000 
-0.000081 -0.000121 1.000000 0.000182 0.000002 1.000000 -0.000195 0.001620 0.999999 -0.002572 0.001705 0.999995 0.000605 0.000221 1.000000 
-0.000090 -0.000135 1.000000 0.000186 0.000002 1.000000 -0.000178 0.001482 0.999999 -0.002545 0.001687 0.999995 0.000639 0.000234 1.000000 
-0.000106 -0.000159 1.000000 0.000201 0.000002 1.000000 -0.000162 0.001347 0.999999 -0.002516 0.001668 0.999995 0.000671 0.000245 1.000000 
-0.000125 -0.000188 1.000000 -0.000421 -0.000004 1.000000 0.000032 -0.000269 1.000000 -0.002461 0.001632 0.999996 0.000701 0.000257 1.000000 
-0.000054 -0.000081 1.000000 -0.000071 -0.000001 1.000000 0.000027 -0.000228 1.000000 -0.002330 0.001546 0.999996 0.000992 0.000363 0.999999 
-0.000083 -0.000125 1.000000 0.000173 0.000002 1.000000 -0.000163 0.001356 0.999999 -0.002252 0.001493 0.999996 0.000551 0.000202 1.000000 
-0.000145 -0.000219 1.000000 0.000246 0.000002 1.000000 -0.000148 0.001232 0.999999 -0.002173 0.001441 0.999997 0.000559 0.000205 1.000000 
-0.000212 -0.000319 1.000000 0.000342 0.000003 1.000000 -0.000272 0.002266 0.999997 -0.002067 0.001371 0.999997 0.000146 0.000053 1.000000 
