0.000315 0.001831 0.999998 -0.000864 0.000145 1.000000 -0.000901 0.000172 1.000000 0.000304 0.001838 0.999998 
0.000285 0.001657 0.999999 -0.000801 0.000134 1.000000 -0.000834 0.000159 1.000000 0.000275 0.001663 0.999999 
0.000147 0.000856 1.000000 -0.001505 0.000252 0.999999 -0.001518 0.000289 0.999999 0.000143 0.000866 1.000000 
0.000632 0.003652 0.999993 -0.004089 0.000689 0.999991 -0.004153 0.000796 0.999991 0.000614 0.003681 0.999993 
0.000566 0.003270 0.999994 -0.003685 0.000621 0.999993 -0.003743 0.000717 0.999993 0.000550 0.003296 0.999994 
0.000509 0.002941 0.999996 -0.003341 0.000563 0.999994 -0.003392 0.000650 0.999994 0.000494 0.002964 0.999995 
0.000831 0.004801 0.999988 -0.004504 0.000759 0.999990 -0.004592 0.000880 0.999989 0.000806 0.004834 0.999988 
0.000747 0.004317 0.999990 -0.004083 0.000689 0.999991 -0.004162 0.000798 0.999991 0.000725 0.004346 0.999990 
0.000672 0.003885 0.999992 -0.003725 0.000628 0.999993 -0.003795 0.000727 0.999993 0.000653 0.003911 0.999992 
0.000606 0.003499 0.999994 -0.003485 0.000588 0.999994 -0.003548 0.000680 0.999993 0.000588 0.003524 0.999994 
0.000544 0.003145 0.999995 -0.005353 0.000903 0.999985 -0.005401 0.001035 0.999985 0.000531 0.003181 0.999995 
0.000488 0.002819 0.999996 -0.005505 0.000928 0.999984 -0.005545 0.001063 0.999984 0.000476 0.002855 0.999996 
0.000437 0.002522 0.999997 -0.005017 0.000846 0.999987 -0.005052 0.000968 0.999987 0.000426 0.002555 0.999997 
0.000392 0.002265 0.999997 -0.004579 0.000772 0.999989 -0.004610 0.000884 0.999989 0.000383 0.002295 0.999997 
0.000351 0.002030 0.999998 -0.004185 0.000706 0.999991 -0.004213 0.000807 0.999991 0.000343 0.002058 0.999998 
0.000315 0.001818 0.999998 -0.003820 0.000644 0.999992 -0.003844 0.000737 0.999992 0.000308 0.001844 0.999998 
0.000281 0.001625 0.999999 -0.003484 0.000588 0.999994 -0.003506 0.000672 0.999994 0.000275 0.001648 0.999999 
0.000251 0.001452 0.999999 -0.003183 0.000537 0.999995 -0.003202 0.000614 0.999995 0.000246 0.001473 0.999999 
0.000224 0.001293 0.999999 -0.002908 0.000490 0.999996 -0.002925 0.000561 0.999996 0.000219 0.001313 0.999999 
0.000199 0.001152 0.999999 -0.002662 0.000449 0.999996 -0.002677 0.000513 0.999996 0.000195 0.001169 0.999999 
0.000177 0.001023 0.999999 -0.002438 0.000411 0.999997 -0.002450 0.000470 0.999997 0.000173 0.001039 0.999999 
0.000157 0.000908 1.000000 -0.002239 0.000377 0.999997 -0.002249 0.000431 0.999997 0.000154 0.000922 1.000000 
0.000139 0.000802 1.000000 -0.002056 0.000347 0.999998 -0.002065 0.000396 0.999998 0.000136 0.000815 1.000000 
0.000122 0.000707 1.000000 -0.001896 0.000320 0.999998 -0.001904 0.000365 0.999998 0.000120 0.000720 1.000000 
0.000108 0.000621 1.000000 -0.001750 0.000295 0.999998 -0.001756 0.000337 0.999998 0.000106 0.000633 1.000000 
0.000228 0.001317 0.999999 -0.002316 0.000390 0.999997 -0.002336 0.000448 0.999997 0.000222 0.001333 0.999999 
0.000289 0.001671 0.999999 -0.002653 0.000447 0.999996 -0.002679 0.000513 0.999996 0.000282 0.001689 0.999999 
0.000253 0.001459 0.999999 -0.002773 0.000469 0.999996 -0.002794 0.000537 0.999996 0.000247 0.001478 0.999999 
0.000230 0.001327 0.999999 -0.002574 0.000435 0.999997 -0.002593 0.000498 0.999997 0.000225 0.001345 0.999999 
0.000198 0.001149 0.999999 -0.004073 0.000684 0.999991 -0.004082 0.000779 0.999991 0.000195 0.001175 0.999999 
0.000238 0.001391 0.999999 -0.008781 0.001465 0.999960 -0.008776 0.001666 0.999960 0.000239 0.001446 0.999999 
0.000215 0.001258 0.999999 -0.018357 0.003062 0.999827 -0.018310 0.003475 0.999826 0.000226 0.001371 0.999999 
0.000193 0.001129 0.999999 -0.031152 0.005196 0.999501 -0.031049 0.005894 0.999500 0.000218 0.001321 0.999999 
0.000177 0.001033 0.999999 -0.049827 0.008311 0.998723 -0.049645 0.009424 0.998722 0.000221 0.001339 0.999999 
0.000162 0.000943 1.000000 -0.070155 0.011704 0.997467 -0.069886 0.013271 0.997467 0.000227 0.001373 0.999999 
0.000146 0.000852 1.000000 -0.084222 0.014068 0.996348 -0.083893 0.015951 0.996347 0.000226 0.001368 0.999999 
0.000144 0.000819 1.000000 -0.101364 0.017338 0.994698 -0.100953 0.019606 0.994698 0.000244 0.001440 0.999999 
0.000130 0.000716 1.000000 -0.116700 0.020589 0.992954 -0.116206 0.023204 0.992954 0.000250 0.001430 0.999999 
0.000069 0.000364 1.000000 -0.128438 0.023859 0.991430 -0.127858 0.026739 0.991432 0.000212 0.001150 0.999999 
0.000049 0.000255 1.000000 -0.146393 0.027560 0.988843 -0.145718 0.030851 0.988845 0.000215 0.001151 0.999999 
0.000040 0.000213 1.000000 -0.167357 0.030402 0.985428 -0.166605 0.034177 0.985431 0.000223 0.001237 0.999999 
0.000031 0.000171 1.000000 -0.189020 0.033590 0.981399 -0.188183 0.037871 0.981403 0.000234 0.001328 0.999999 
0.000026 0.000144 1.000000 -0.216855 0.038531 0.975443 -0.215888 0.043472 0.975450 0.000259 0.001471 0.999999 
-0.000080 -0.000427 1.000000 -0.254199 0.046698 0.966024 -0.253005 0.052544 0.966037 0.000205 0.001127 0.999999 
-0.002011 -0.010049 0.999947 -0.004239 0.067433 0.997715 -0.068592 0.001221 0.997644 -0.274965 0.063109 0.959381 -0.068716 -0.006315 0.997616 0.009154 0.000252 0.999958 
-0.004071 -0.020267 0.999786 -0.003451 0.068117 0.997671 -0.095882 0.000770 0.995392 -0.291271 0.068175 0.954208 -0.088334 -0.007164 0.996065 -0.032263 -0.001775 0.999478 
-0.003772 -0.020106 0.999791 -0.003605 0.061600 0.998094 -0.139323 0.001165 0.990246 -0.316391 0.070060 0.946038 -0.112146 -0.010089 0.993641 -0.081630 -0.003530 0.996656 
-0.001621 -0.009406 0.999954 -0.003881 0.049193 0.998782 -0.192105 0.004845 0.981362 -0.346110 0.070144 0.935568 -0.139199 -0.015381 0.990145 -0.128550 0.001383 0.991702 
-0.004374 0.046455 0.998911 0.001208 0.007200 0.999973 -0.238185 0.013662 0.971124 -0.167862 -0.021321 0.985580 -0.376063 0.072048 0.923789 -0.163405 0.014306 0.986455 
-0.004632 0.045550 0.998951 0.004004 0.022689 0.999735 -0.275569 0.025815 0.960934 -0.191752 -0.026034 0.981098 -0.401861 0.077576 0.912409 -0.186692 0.030080 0.981958 
-0.004686 0.047174 0.998876 0.005883 0.030701 0.999511 -0.302350 0.036964 0.952480 -0.212973 -0.028738 0.976635 -0.286875 0.059765 0.956102 
-0.004517 0.048978 0.998790 -0.323143 0.043684 0.945341 0.006167 0.030448 0.999517 -0.234767 -0.030397 0.971576 -0.303479 0.067952 0.950412 
-0.004507 0.052472 0.998612 0.005143 0.024915 0.999676 -0.341597 0.045906 0.938725 -0.257359 -0.032287 0.965776 -0.322465 0.071845 0.943851 
-0.004566 0.057652 0.998326 0.003318 0.016004 0.999866 -0.359942 0.045251 0.931877 -0.280683 -0.034200 0.959191 -0.473305 0.107260 0.874344 -0.261651 0.053276 0.963691 
-0.004161 0.055781 0.998434 0.000786 0.003811 0.999992 -0.375332 0.043423 0.925873 -0.300641 -0.035504 0.953076 -0.490527 0.114268 0.863902 -0.278672 0.050247 0.959071 
-0.003569 0.047715 0.998855 -0.001212 -0.005889 0.999982 -0.390985 0.043195 0.919383 -0.317700 -0.037102 0.947465 -0.506300 0.121149 0.853805 -0.288410 0.048316 0.956287 
-0.002870 0.037449 0.999294 -0.003256 -0.015816 0.999870 -0.406807 0.043446 0.912480 -0.334727 -0.038842 0.941514 -0.521677 0.128693 0.843381 -0.295593 0.046502 0.954182 
-0.002143 0.027384 0.999623 -0.005373 -0.025992 0.999648 -0.424343 0.044525 0.904406 -0.353354 -0.040571 0.934609 -0.537964 0.137680 0.831648 -0.304365 0.045448 0.951471 
-0.001326 0.016463 0.999864 -0.007694 -0.037041 0.999284 -0.442407 0.046024 0.895633 -0.373164 -0.042366 0.926798 -0.554223 0.147875 0.819127 -0.312319 0.044410 0.948939 
-0.000516 0.006244 0.999980 -0.010153 -0.048509 0.998771 -0.462598 0.048521 0.885239 -0.395220 -0.044187 0.917523 -0.571503 0.159943 0.804862 -0.322802 0.044250 0.945432 
-0.000090 0.001078 0.999999 -0.013062 -0.061631 0.998014 -0.481321 0.051205 0.875047 -0.417467 -0.046332 0.907510 -0.588246 0.174596 0.789610 -0.334727 0.044294 0.941274 
-0.000084 0.001002 0.999999 -0.015947 -0.074724 0.997077 -0.501340 0.053123 0.863618 -0.442866 -0.049306 0.895231 -0.605782 0.190462 0.772498 -0.350766 0.043765 0.935440 
-0.000078 0.000934 1.000000 -0.018861 -0.088744 0.995876 -0.522365 0.053828 0.851021 -0.470948 -0.052639 0.880589 -0.623335 0.207304 0.753975 -0.367252 0.041271 0.929205 
-0.000073 0.000876 1.000000 -0.021548 -0.102558 0.994494 -0.547204 0.054775 0.835205 -0.502450 -0.056442 0.862762 -0.642294 0.226106 0.732349 -0.387993 0.038659 0.920851 
-0.000069 0.000822 1.000000 -0.024129 -0.115690 0.992992 -0.578785 0.059886 0.813279 -0.663506 0.249937 0.705189 -0.537768 -0.060701 0.840905 -0.417217 0.040575 0.907901 
-0.000144 0.001905 0.999998 -0.618540 0.074075 0.782254 -0.579142 -0.061884 0.812874 -0.461217 0.051521 0.885790 -0.027335 -0.128321 0.991356 -0.685380 0.284675 0.670234 
-0.000183 0.002912 0.999996 -0.661820 0.098474 0.743167 -0.627537 -0.060572 0.776227 -0.510719 0.072688 0.856669 -0.031257 -0.141644 0.989424 -0.703299 0.329743 0.629794 
-0.035842 -0.156133 0.987086 -0.000140 0.002790 0.999996 -0.703289 0.133865 0.698186 -0.674787 -0.057832 0.735743 -0.713293 0.385304 0.585452 -0.559718 0.105921 0.821886 
-0.041865 -0.173894 0.983874 -0.000075 0.002409 0.999997 -0.739669 0.183787 0.647389 -0.727160 -0.050076 0.684639 -0.708232 0.455943 0.539002 -0.604386 0.152033 0.782051 
-0.049373 -0.196282 0.979304 0.000011 -0.001918 0.999998 -0.767858 0.247887 0.590717 -0.783003 -0.032895 0.621147 -0.679620 0.544171 0.491929 -0.643884 0.206491 0.736733 
-0.058691 -0.223495 0.972937 -0.000066 -0.004378 0.999990 -0.782835 0.326791 0.529507 -0.832983 -0.018268 0.552997 -0.611175 0.654604 0.444925 -0.675679 0.270326 0.685843 
-0.059315 -0.235985 0.969945 -0.000025 -0.001269 0.999999 -0.796732 0.375584 0.473450 -0.870896 -0.023425 0.490908 -0.548463 0.732315 0.403613 -0.705181 0.304278 0.640418 
-0.054652 -0.250816 0.966491 -0.000014 -0.000754 1.000000 -0.819694 0.391016 0.418579 -0.466883 0.803968 0.368316 -0.902985 -0.033076 0.428396 -0.755413 0.293889 0.585645 
-0.856936 0.350883 0.377547 -0.047774 -0.266788 0.962570 -0.929348 -0.034315 0.367607 0.000013 0.000434 1.000000 -0.821577 0.207396 0.531035 -0.384030 0.854499 0.349789 
-0.877336 0.301383 0.373429 -0.039956 -0.288704 0.956584 -0.941219 -0.022439 0.337051 -0.000150 -0.012840 0.999918 -0.841581 0.108642 0.529092 -0.371999 0.854652 0.362196 
-0.029378 -0.298869 0.953842 0.000640 -0.028585 0.999591 -0.881412 0.302833 0.362498 -0.362146 0.858737 0.362521 -0.945607 -0.012488 0.325073 -0.850674 0.088298 0.518224 
-0.023511 -0.310919 0.950146 0.001809 -0.039866 0.999203 -0.866063 0.364430 0.342236 -0.306427 0.880656 0.361312 -0.951520 -0.000054 0.307588 -0.859127 0.139907 0.492267 
0.331699 -0.840181 0.429036 -0.258630 0.104346 0.960324 0.142097 0.242894 0.959589 -0.020805 -0.331629 0.943180 -0.226385 0.900910 0.370285 -0.848385 0.239821 0.471941 0.003347 -0.000471 0.999994 
-0.800926 0.373413 0.468061 0.447518 -0.794108 0.411241 -0.258470 0.109144 0.959834 0.110849 0.165367 0.979983 -0.020980 -0.369163 0.929128 -0.136629 0.906611 0.399237 -0.947724 0.182816 0.261527 0.178701 -0.022313 0.983650 
0.552446 -0.746991 0.369876 -0.262266 0.117024 0.957874 0.067110 0.088301 0.993831 0.162544 -0.016041 0.986571 -0.022484 -0.428856 0.903093 -0.048469 0.890127 0.453128 -0.868281 0.429109 0.248905 -0.722391 0.500628 0.476995 
-0.650244 0.644037 0.402988 0.662514 -0.652666 0.367563 -0.252098 0.122351 0.959936 0.021529 0.025956 0.999431 0.147730 -0.012397 0.988950 -0.022135 -0.508485 0.860786 0.017262 0.848051 0.529634 
-0.502829 0.723673 0.472717 0.727111 -0.583692 0.361405 -0.220365 0.110536 0.969134 -0.033610 -0.032776 0.998897 0.151002 -0.005112 0.988520 -0.031684 -0.606326 0.794585 0.037596 0.778837 0.626098 
-0.373220 0.729241 0.573511 0.768489 -0.537107 0.347767 -0.182705 0.097046 0.978366 -0.070785 -0.060369 0.995663 0.142310 0.000327 0.989822 -0.058127 -0.692184 0.719377 0.044507 0.700969 0.711801 
-0.272251 0.689015 0.671668 0.798670 -0.496473 0.340060 -0.140778 0.080064 0.986799 -0.100822 -0.077111 0.991912 0.127981 0.003009 0.991772 -0.094235 -0.769896 0.631173 0.050639 0.609930 0.790836 
-0.024185 0.014912 0.999596 -0.184698 0.608892 0.771451 -0.127099 -0.089616 0.987833 0.110083 0.003231 0.993917 -0.161306 -0.835931 0.524594 0.054481 0.499680 0.864495 
0.032427 -0.021736 0.999238 -0.118237 0.498899 0.858557 -0.150879 -0.101632 0.983314 0.097495 0.001847 0.995234 -0.286464 -0.861715 0.418790 0.053169 0.387173 0.920473 
0.080515 -0.057514 0.995093 -0.442164 -0.824286 0.353614 -0.173927 -0.113105 0.978242 0.095132 0.000122 0.995465 0.049449 0.309512 0.949609 -0.077438 0.397566 0.914300 
0.117435 -0.087650 0.989205 -0.577867 -0.756175 0.307034 -0.191817 -0.121657 0.973861 0.091285 -0.001292 0.995824 0.043722 0.248101 0.967747 -0.050259 0.305099 0.950993 
0.151684 -0.118429 0.981309 -0.736910 -0.621406 0.266118 -0.200441 -0.126298 0.971531 0.081177 -0.002347 0.996697 0.035359 0.182723 0.982528 -0.026877 0.198787 0.979674 
0.185193 -0.150411 0.971123 -0.890941 -0.384420 0.241753 -0.028469 0.001252 0.999594 0.024288 0.115382 0.993024 -0.203664 -0.128689 0.970546 0.960446 0.053660 0.273247 -0.057314 0.451719 0.890318 0.013934 -0.139538 0.990119 
0.192632 -0.160124 0.968118 -0.959573 -0.188558 0.208964 -0.043970 0.002824 0.999029 0.013099 0.059280 0.998155 -0.205112 -0.131238 0.969900 0.943072 0.209579 0.258248 -0.047875 0.395064 0.917405 0.012473 -0.154356 0.987937 
0.003873 0.017447 0.999840 0.194231 -0.162376 0.967424 -0.982408 -0.006381 0.186636 -0.053088 0.004614 0.998579 -0.041626 0.349073 0.936170 0.011794 -0.141818 0.989822 -0.209072 -0.137126 0.968238 0.894233 0.368340 0.254307 
-0.005671 -0.026003 0.999646 0.196341 -0.163334 0.966836 -0.060064 0.006656 0.998172 -0.034655 0.298360 0.953824 0.011391 -0.123402 0.992291 -0.214964 -0.145342 0.965746 0.813741 0.520048 0.259569 
-0.012819 -0.060488 0.998087 0.196178 -0.161982 0.967097 -0.062241 0.008289 0.998027 -0.029285 0.252576 0.967134 0.009535 -0.091368 0.995772 0.714608 0.643352 0.274652 -0.223370 -0.156562 0.962078 
0.012137 -0.009964 0.999877 -0.018767 -0.091884 0.995593 -0.062255 0.009698 0.998013 -0.024459 0.209703 0.977459 0.006830 -0.059170 0.998225 0.612461 0.733731 0.294161 -0.231061 -0.168800 0.958184 
0.013520 -0.011185 0.999846 -0.023656 -0.121137 0.992354 -0.005848 0.047377 0.998860 -0.061379 0.010765 0.998056 0.512820 0.797498 0.317825 -0.239399 -0.181081 0.953886 
-0.028068 -0.152012 0.987980 -0.006984 0.052991 0.998571 0.417223 0.841069 0.344279 0.014715 -0.012236 0.999817 -0.247428 -0.193121 0.949465 -0.060577 0.011808 0.998094 
-0.031731 -0.183366 0.982532 0.330589 0.866350 0.374363 0.016434 -0.013702 0.999771 -0.256635 -0.205461 0.944418 -0.058639 0.012404 0.998202 -0.078672 0.562808 0.822835 
0.252855 0.877430 0.407653 0.018524 -0.015492 0.999708 -0.266838 -0.218478 0.938651 -0.055866 0.012698 0.998358 -0.035075 -0.217320 0.975470 -0.034797 0.977859 0.206350 -0.012727 0.080463 0.996676 
-0.014900 0.082945 0.996443 0.186592 0.875958 0.444838 0.021563 -0.018063 0.999604 -0.279450 -0.232697 0.931536 0.242193 -0.055901 0.968616 -0.037627 -0.251972 0.967003 0.078618 0.968109 0.237876 
-0.015409 0.078589 0.996788 0.108999 0.872612 0.476095 0.023729 -0.019966 0.999519 -0.282476 -0.237571 0.929391 0.236847 -0.054849 0.969998 0.160545 0.951429 0.262693 -0.035940 -0.261821 0.964447 
-0.015779 0.074744 0.997078 0.038150 0.862624 0.504405 0.025659 -0.021628 0.999437 -0.281258 -0.234337 0.930581 0.232804 -0.053331 0.971060 0.195510 0.936386 0.291473 -0.037063 -0.289973 0.956317 
-0.015777 0.070447 0.997391 -0.001110 0.845826 0.533458 0.030118 -0.025350 0.999225 -0.286415 -0.232688 0.929421 0.233070 -0.051649 0.971087 0.213415 0.922431 0.321830 -0.038869 -0.319514 0.946784 
-0.015732 0.066885 0.997637 -0.013476 0.826286 0.563090 0.037524 -0.031339 0.998804 -0.299162 -0.232821 0.925363 0.239426 -0.049944 0.969629 0.217866 0.910773 0.350752 -0.040508 -0.347880 0.936664 
-0.015431 0.062979 0.997896 -0.010127 0.806429 0.591245 0.046662 -0.038527 0.998167 -0.316555 -0.233744 0.919324 0.249330 -0.047684 0.967244 0.218396 0.900023 0.377176 -0.042279 -0.373880 0.926513 
-0.014241 0.056520 0.998300 -0.001175 0.787289 0.616584 0.055740 -0.045402 0.997413 -0.334871 -0.233900 0.912772 0.258507 -0.044627 0.964978 0.217377 0.890688 0.399276 -0.043842 -0.395677 0.917343 
-0.011108 0.043729 0.998982 0.007144 0.770612 0.637264 0.063535 -0.051103 0.996670 -0.350648 -0.233198 0.907009 0.262628 -0.041222 0.964016 0.214938 0.883387 0.416448 -0.045220 -0.412693 0.909747 
-0.007331 0.028905 0.999555 0.012475 0.758290 0.651798 0.069680 -0.055608 0.996018 -0.362030 -0.233067 0.902560 0.262904 -0.038682 0.964046 0.211637 0.877554 0.430242 -0.046561 -0.426432 0.903321 
-0.003769 0.014919 0.999882 0.014327 0.750603 0.660598 0.074253 -0.059099 0.995487 -0.368926 -0.234408 0.899414 0.261218 -0.037491 0.964551 0.208351 0.873127 0.440725 -0.047648 -0.436915 0.898240 
-0.000950 0.003770 0.999992 0.014037 0.746321 0.665438 0.077264 -0.061515 0.995111 -0.372474 -0.236124 0.897501 0.258825 -0.037134 0.965210 0.207195 0.869545 0.448287 -0.048255 -0.444418 0.894519 
0.000749 -0.002979 0.999995 0.012818 0.744719 0.667255 0.078838 -0.062898 0.994901 -0.373498 -0.237435 0.896730 0.256665 -0.037165 0.965786 0.206658 0.866879 0.453667 -0.048656 -0.449742 0.891832 
0.001370 -0.005458 0.999984 0.011572 0.745119 0.666831 0.079113 -0.063262 0.994856 -0.372826 -0.238061 0.896843 0.255168 -0.037392 0.966173 0.206305 0.865694 0.456084 -0.048836 -0.452139 0.890610 
0.001055 -0.004205 0.999991 0.010674 0.747054 0.664678 0.078142 -0.062576 0.994976 -0.370926 -0.237831 0.897692 0.254385 -0.037723 0.966367 0.206546 0.866323 0.454778 -0.048647 -0.450842 0.891277 
-0.000110 0.000438 1.000000 0.010166 0.750578 0.660704 0.076019 -0.060936 0.995243 -0.367834 -0.236902 0.899208 0.254209 -0.038098 0.966399 0.207935 0.868404 0.450153 -0.048173 -0.446218 0.893627 
-0.002067 0.008234 0.999964 0.009387 0.756228 0.654241 0.072585 -0.058269 0.995659 -0.362886 -0.235398 0.901611 0.254111 -0.038693 0.966401 0.210319 0.871790 0.442435 -0.047398 -0.438498 0.897481 
-0.004832 0.019243 0.999803 0.008327 0.764089 0.645057 0.067811 -0.054545 0.996206 -0.356000 -0.233295 0.904896 0.254055 -0.039562 0.966380 0.213782 0.876427 0.431478 -0.046289 -0.427538 0.902811 
-0.008446 0.033613 0.999399 0.006931 0.774173 0.632937 0.061635 -0.049700 0.996861 -0.347088 -0.230469 0.909073 0.254008 -0.040715 0.966345 0.218624 0.882184 0.417079 -0.044827 -0.413124 0.909571 
-0.012950 0.051473 0.998590 0.005186 0.786471 0.617605 0.053857 -0.043547 0.997599 -0.336054 -0.226701 0.914152 0.253662 -0.042104 0.966376 0.225117 0.888843 0.399099 -0.042956 -0.395110 0.917629 
-0.015514 0.062497 0.997925 0.003066 0.800888 0.598806 0.044594 -0.036175 0.998350 -0.322843 -0.221762 0.920106 0.248028 -0.042759 0.967809 0.235212 0.895436 0.377981 -0.040885 -0.373839 0.926592 
-0.015674 0.065192 0.997750 0.002316 0.817539 0.575868 0.034330 -0.027986 0.999019 -0.307981 -0.215822 0.926590 0.236579 -0.042389 0.970687 0.245328 0.901686 0.356056 -0.039196 -0.351808 0.935251 
-0.015787 0.068188 0.997548 -0.004588 0.835839 0.548955 0.022230 -0.018221 0.999587 -0.288213 -0.205760 0.935198 0.222503 -0.041440 0.974051 0.253939 0.908619 0.331551 -0.037139 -0.327360 0.944169 
-0.015862 0.071224 0.997334 -0.004833 0.854313 0.519737 0.011442 -0.009433 0.999890 -0.271252 -0.199353 0.941637 0.209949 -0.040720 0.976864 0.253013 0.917146 0.307940 -0.035901 -0.304300 0.951900 
-0.015756 0.073852 0.997145 -0.003936 0.871998 0.489494 0.001678 -0.001393 0.999998 -0.254831 -0.194193 0.947286 0.198146 -0.040343 0.979342 0.260015 0.922757 0.284449 -0.034248 -0.280987 0.959100 
-0.015582 0.076319 0.996962 -0.013340 0.890231 0.455315 -0.010567 0.008841 0.999905 -0.233056 -0.184320 0.954836 0.181526 -0.038761 0.982622 0.280877 0.923567 0.261021 -0.032100 -0.257173 0.965832 
-0.015456 0.079356 0.996727 -0.036153 0.907171 0.419207 -0.024323 0.020496 0.999494 -0.207256 -0.169603 0.963473 0.162609 -0.036427 0.986018 0.297265 0.925316 0.235423 -0.029490 -0.231502 0.972387 
-0.014986 0.079544 0.996719 -0.103731 0.914935 0.390044 -0.037704 0.032124 0.998772 -0.175576 -0.150505 0.972893 0.141343 -0.033870 0.989381 0.327508 0.920730 0.212119 -0.026544 -0.207502 0.977874 
-0.013825 0.076232 0.996994 -0.172289 0.914497 0.366077 -0.048275 0.041598 0.997968 -0.149006 -0.134380 0.979663 0.121989 -0.031084 0.992045 0.351710 0.915841 0.193738 -0.024181 -0.188610 0.981754 
-0.012601 0.071716 0.997345 -0.243831 0.905360 0.347663 -0.057540 0.050107 0.997085 -0.125889 -0.119025 0.984878 0.103248 -0.027674 0.994271 0.381556 0.906357 0.181470 -0.022518 -0.175361 0.984247 
-0.011809 0.068561 0.997577 -0.314332 0.887815 0.336124 -0.065497 0.057568 0.996191 -0.106706 -0.105432 0.988685 -0.021296 -0.166229 0.985857 -0.197506 0.054927 0.978762 
-0.011132 0.066080 0.997752 -0.316701 0.436539 0.842101 -0.135224 0.122154 0.983256 -0.125936 -0.114655 0.985391 -0.010792 0.003731 0.999935 -0.020419 -0.159372 0.987007 
-0.011046 0.066234 0.997743 -0.136998 0.208413 0.968398 -0.135684 0.122489 0.983151 -0.173936 -0.129152 0.976251 0.009225 -0.003307 0.999952 0.506107 0.844724 0.174057 -0.020966 -0.160407 0.986828 
0.562216 0.806890 0.181224 -0.276048 -0.172917 0.945461 0.083573 -0.026691 0.996144 -0.021331 -0.161857 0.986584 -0.011042 0.066522 0.997724 -0.131243 0.271363 0.953487 -0.097364 0.085176 0.991597 
0.616135 0.765035 0.187347 -0.403762 -0.224840 0.886805 0.213665 -0.044674 0.975885 -0.020646 -0.160881 0.986758 -0.010879 0.066075 0.997755 -0.079086 0.563146 0.822565 -0.015615 0.012087 0.999805 
0.634182 0.746251 0.202292 -0.472909 -0.291537 0.831482 0.282733 -0.058096 0.957438 -0.021480 -0.170741 0.985082 -0.011312 0.068773 0.997568 -0.025472 0.588860 0.807834 0.038021 -0.028852 0.998860 
0.632938 0.740513 0.225899 -0.488157 -0.404578 0.773317 0.329055 -0.076256 0.941227 -0.024434 -0.190633 0.981357 -0.011387 0.069260 0.997534 0.005544 0.618281 0.785937 0.085184 -0.065482 0.994211 
0.635153 0.730127 0.251984 -0.438932 -0.520557 0.732366 0.370831 -0.085814 0.924727 -0.027645 -0.211922 0.976895 -0.010856 0.066834 0.997705 0.188939 0.673556 0.714580 0.135773 -0.100844 0.985594 
0.366922 -0.095598 0.925327 0.635088 0.721044 0.277054 -0.030608 -0.232546 0.972104 -0.010299 0.063926 0.997901 0.148819 -0.111138 0.982599 -0.326287 -0.606249 0.725258 0.276066 0.668712 0.690371 
0.341991 -0.100324 0.934333 0.634486 0.710566 0.304177 -0.034029 -0.254920 0.966363 -0.009716 0.061311 0.998071 0.145374 -0.109782 0.983267 0.301978 0.672350 0.675836 -0.185566 -0.645971 0.740464 
0.316523 -0.100246 0.943273 0.617414 0.711579 0.335342 -0.040229 -0.285190 0.957627 -0.009180 0.057643 0.998295 0.140765 -0.106682 0.984278 0.324988 0.667912 0.669534 -0.039251 -0.638918 0.768273 
0.287758 -0.094207 0.953058 0.601442 0.706374 0.373233 -0.047657 -0.321168 0.945822 -0.008316 0.053296 0.998544 0.133159 -0.099901 0.986047 0.355566 0.649406 0.672193 0.076203 -0.586540 0.806327 
0.589459 0.698214 0.406245 0.389150 0.622146 0.679335 0.255119 -0.084944 0.963171 -0.054507 -0.352352 0.934279 -0.007676 0.050228 0.998708 0.152357 -0.495231 0.855297 0.120641 -0.088782 0.988718 
0.582352 0.694006 0.423346 0.435768 0.592008 0.677962 0.216057 -0.072971 0.973650 -0.058181 -0.368817 0.927679 -0.007495 0.049337 0.998754 0.169571 -0.374840 0.911450 0.099197 -0.071657 0.992484 
0.584737 0.691026 0.424930 0.500453 0.599281 0.624827 0.167957 -0.058677 0.984046 -0.058532 -0.369551 0.927365 -0.007484 0.049428 0.998750 0.134956 -0.247870 0.959347 0.067842 -0.049185 0.996483 
0.592139 0.686369 0.422220 0.601129 0.530137 0.597995 0.126125 -0.045473 0.990972 -0.057835 -0.365241 0.929115 -0.007437 0.049635 0.998740 0.075055 -0.132833 0.988293 0.038351 -0.028110 0.998869 
0.598553 0.682525 0.419398 0.570181 0.305781 0.762491 0.110214 -0.039798 0.993111 -0.057567 -0.361241 0.930694 -0.007480 0.049987 0.998722 0.009779 -0.019058 0.999771 0.022112 -0.015994 0.999628 
0.598370 0.681791 0.420849 0.291501 0.112776 0.949899 0.118817 -0.040973 0.992070 -0.057553 -0.362401 0.930244 -0.007729 0.049886 0.998725 -0.012553 0.031402 0.999428 0.017788 -0.012387 0.999765 
0.589970 0.683990 0.429060 0.146653 0.047091 0.988066 0.124685 -0.041269 0.991338 -0.056933 -0.370806 0.926964 -0.007916 0.048577 0.998788 -0.005499 0.016964 0.999841 0.016676 -0.011439 0.999795 
0.584769 0.682714 0.438117 0.097745 0.031332 0.994718 0.126430 -0.040862 0.991134 -0.057651 -0.379501 0.923393 -0.007897 0.047487 0.998841 -0.004445 0.013797 0.999895 0.017522 -0.011891 0.999776 
0.575501 0.682531 0.450499 0.031062 0.010585 0.999461 0.126960 -0.040151 0.991095 -0.058643 -0.392056 0.918070 -0.007963 0.047091 0.998859 -0.006074 0.017790 0.999823 0.018229 -0.012162 0.999760 
0.557760 0.678505 0.478054 0.006114 0.002306 0.999979 0.123445 -0.038517 0.991604 -0.062304 -0.419902 0.905429 -0.007764 0.045324 0.998942 -0.010278 0.027234 0.999576 0.019684 -0.013008 0.999722 
0.533779 0.667255 0.519472 0.013914 0.006038 0.999885 0.116999 -0.036140 0.992474 -0.069210 -0.461822 0.884268 -0.007263 0.042233 0.999081 -0.017148 0.039446 0.999075 0.022421 -0.014728 0.999640 
0.509750 0.652165 0.561102 -0.018558 -0.009295 0.999785 0.112007 -0.033763 0.993134 -0.076860 -0.504454 0.860011 -0.006666 0.038770 0.999226 -0.025354 0.050772 0.998388 0.025362 -0.016395 0.999544 
0.492481 0.641692 0.587958 -0.065322 -0.034701 0.997261 0.109729 -0.032333 0.993436 -0.081737 -0.532617 0.842400 -0.006101 0.034952 0.999370 -0.030760 0.058598 0.997808 0.027211 -0.017365 0.999479 
0.481397 0.639050 0.599893 -0.074692 -0.040177 0.996397 0.107246 -0.031335 0.993739 -0.082798 -0.545990 0.833691 -0.004867 0.027392 0.999613 -0.035087 0.066243 0.997186 0.028146 -0.017912 0.999443 
0.475291 0.638911 0.604890 -0.091186 -0.049429 0.994606 0.105134 -0.030390 0.993994 -0.082675 -0.551933 0.829780 -0.003184 0.017776 0.999837 -0.038307 0.072133 0.996659 0.028409 -0.017990 0.999434 
0.473009 0.637978 0.607656 -0.103711 -0.056475 0.993003 0.103430 -0.029649 0.994195 -0.081555 -0.554672 0.828063 -0.001699 0.009446 0.999954 -0.040405 0.076051 0.996285 0.028481 -0.017967 0.999433 
0.471519 0.637827 0.608972 -0.109172 -0.059429 0.992245 0.102471 -0.029304 0.994304 -0.080915 -0.556078 0.827182 -0.000882 0.004895 0.999988 -0.041350 0.078012 0.996095 0.028514 -0.017969 0.999432 
0.471326 0.638113 0.608821 -0.109360 -0.059480 0.992221 0.102316 -0.029284 0.994321 -0.080763 -0.555982 0.827261 -0.000744 0.004130 0.999991 -0.041368 0.078118 0.996085 0.028499 -0.017962 0.999432 
0.473312 0.638549 0.606821 -0.104946 -0.056897 0.992849 0.102952 -0.029539 0.994248 -0.080407 -0.553652 0.828857 -0.001178 0.006537 0.999978 -0.040872 0.077324 0.996168 0.028391 -0.017915 0.999436 
0.477243 0.639243 0.602999 -0.096161 -0.051851 0.994014 0.104223 -0.030044 0.994100 -0.079734 -0.549159 0.831906 -0.002086 0.011576 0.999931 -0.040657 0.077170 0.996189 0.028185 -0.017825 0.999444 
0.482750 0.635083 0.603011 -0.086320 -0.046506 0.995181 0.106504 -0.030761 0.993836 -0.079202 -0.547311 0.833173 -0.004079 0.022630 0.999736 -0.040197 0.076156 0.996285 0.028277 -0.017926 0.999439 
0.488848 0.624780 0.608833 -0.077325 -0.041958 0.996123 0.108321 -0.031258 0.993624 -0.079459 -0.550054 0.831340 -0.006045 0.033948 0.999405 -0.038904 0.072966 0.996575 0.028812 -0.018294 0.999417 
0.495078 0.619491 0.609203 -0.069314 -0.037882 0.996875 0.108027 -0.031165 0.993659 -0.079052 -0.548124 0.832653 -0.005902 0.033953 0.999406 -0.037948 0.070497 0.996790 0.028885 -0.018341 0.999414 
0.498476 0.611998 0.613987 -0.062068 -0.034087 0.997490 0.107333 -0.030998 0.993740 -0.079852 -0.550884 0.830753 -0.005723 0.033729 0.999415 -0.036834 0.067955 0.997008 0.029325 -0.018653 0.999396 
0.498882 0.605825 0.619752 -0.058730 -0.032446 0.997746 0.106667 -0.030809 0.993817 -0.080927 -0.555494 0.827573 -0.005600 0.033519 0.999422 -0.035526 0.065072 0.997248 0.029825 -0.018994 0.999375 
0.497249 0.597326 0.629242 -0.055803 -0.030950 0.997962 0.105651 -0.030549 0.993934 -0.082294 -0.563776 0.821818 -0.005421 0.033103 0.999437 -0.034241 0.062406 0.997463 0.030657 -0.019570 0.999338 
0.495774 0.590619 0.636692 -0.054136 -0.030175 0.998078 0.104822 -0.030335 0.994028 -0.083625 -0.570386 0.817109 -0.005272 0.032685 0.999452 -0.033473 0.060667 0.997597 0.031322 -0.020028 0.999309 
0.494125 0.582924 0.645012 -0.052135 -0.029180 0.998214 0.103915 -0.030108 0.994130 -0.084957 -0.577697 0.811818 -0.005117 0.032265 0.999466 -0.032681 0.058947 0.997726 0.032078 -0.020553 0.999274 
0.492787 0.577076 0.651264 -0.050435 -0.028325 0.998326 0.103219 -0.029931 0.994208 -0.085891 -0.583192 0.807781 -0.004991 0.031929 0.999478 -0.032008 0.057505 0.997832 0.032657 -0.020956 0.999247 
0.490019 0.568083 0.661183 -0.048429 -0.027306 0.998453 0.102144 -0.029667 0.994327 -0.087312 -0.592115 0.801109 -0.004806 0.031410 0.999495 -0.031208 0.055816 0.997953 0.033596 -0.021612 0.999202 
0.487843 0.561426 0.668438 -0.046874 -0.026526 0.998549 0.101351 -0.029470 0.994414 -0.088363 -0.598681 0.796099 -0.004674 0.031039 0.999507 -0.030521 0.054360 0.998055 0.034298 -0.022102 0.999167 
0.485785 0.557139 0.673505 -0.047099 -0.026748 0.998532 0.100813 -0.029376 0.994472 -0.089727 -0.603630 0.792200 -0.004614 0.030893 0.999512 -0.030163 0.053529 0.998111 0.034786 -0.022450 0.999143 
0.486689 0.556803 0.673130 -0.046250 -0.026284 0.998584 0.100854 -0.029387 0.994467 -0.089622 -0.602948 0.792730 -0.004633 0.031020 0.999508 -0.030035 0.053254 0.998129 0.034748 -0.022424 0.999145 
0.487542 0.556110 0.673086 -0.045461 -0.025837 0.998632 0.100859 -0.029389 0.994467 -0.089452 -0.602515 0.793078 -0.004642 0.031102 0.999505 -0.030015 0.053210 0.998132 0.034739 -0.022418 0.999145 
0.488078 0.555529 0.673177 -0.044870 -0.025502 0.998667 0.100863 -0.029386 0.994466 -0.089335 -0.602327 0.793235 -0.004657 0.031205 0.999502 -0.029781 0.052781 0.998162 0.034739 -0.022418 0.999145 
0.735335 0.300567 0.607405 -0.047024 -0.026786 0.998535 0.100921 -0.029358 0.994461 -0.001846 -0.284004 0.958821 0.000292 -0.002035 0.999998 -0.029244 0.051728 0.998233 0.012191 -0.007634 0.999897 
0.632872 0.069530 0.771128 -0.042081 -0.023913 0.998828 0.100944 -0.029248 0.994462 0.002083 -0.111897 0.993718 -0.012341 0.097070 0.995201 -0.028289 0.050106 0.998343 -0.000055 0.000035 1.000000 
0.490174 -0.034680 0.870935 -0.031061 -0.017742 0.999360 0.101063 -0.028871 0.994461 -0.004101 -0.043760 0.999034 -0.013356 0.152595 0.988199 -0.030493 0.053660 0.998094 -0.000973 0.000637 0.999999 
0.385079 -0.074880 0.919841 -0.033156 -0.019286 0.999264 0.101260 -0.028407 0.994454 -0.004367 -0.021596 0.999757 -0.008394 0.172975 0.984890 -0.032092 0.055486 0.997944 0.001552 -0.001043 0.999998 
0.270444 -0.090677 0.958456 -0.028641 -0.016770 0.999449 0.101254 -0.028147 0.994462 -0.009158 -0.026728 0.999601 -0.034312 0.058906 0.997674 0.005844 -0.004094 0.999975 0.021355 -0.525670 0.850420 0.009389 0.431756 0.901941 
-0.030715 -0.018140 0.999364 0.101180 -0.027667 0.994483 0.244541 -0.104726 0.963967 -0.018303 -0.041506 0.998971 -0.035649 0.060712 0.997519 0.008845 -0.006483 0.999940 0.022492 -0.527795 0.849074 0.030807 0.386378 0.921826 
-0.026571 -0.015920 0.999520 0.101150 -0.026860 0.994509 0.053629 0.343325 0.937684 0.023822 -0.527089 0.849476 -0.038030 0.063807 0.997237 0.011435 -0.008941 0.999895 -0.046843 -0.080610 0.995644 0.213323 -0.117844 0.969848 
-0.035385 -0.021830 0.999135 0.101721 -0.025836 0.994477 0.067778 0.308188 0.948908 0.029576 -0.525632 0.850198 -0.039758 0.064905 0.997099 0.015018 -0.012444 0.999810 -0.095860 -0.133765 0.986366 0.191153 -0.126427 0.973384 
-0.151270 -0.173950 0.973067 -0.033043 -0.020827 0.999237 0.102619 -0.025119 0.994404 0.079106 0.278310 0.957228 0.031028 -0.511409 0.858777 0.167935 -0.131909 0.976933 -0.040232 0.064253 0.997122 0.019048 -0.016753 0.999678 
-0.192231 -0.190495 0.962683 -0.032345 -0.020911 0.999258 0.101975 -0.023414 0.994511 0.038604 -0.495704 0.867633 -0.039068 0.060799 0.997385 -0.006638 -0.019933 0.999779 0.244472 0.818801 0.519421 0.156259 -0.140234 0.977710 0.021597 -0.019748 0.999572 
-0.215086 -0.194711 0.956988 -0.029838 -0.019853 0.999358 0.098333 -0.020861 0.994935 0.050149 -0.458780 0.887133 -0.035807 0.054090 0.997894 0.040323 -0.037550 0.998481 -0.015471 -0.043715 0.998924 0.261872 0.831468 0.489984 
-0.209219 -0.189052 0.959420 -0.028140 -0.019168 0.999420 0.092875 -0.018792 0.995500 0.067885 0.195494 0.978353 0.056157 -0.401844 0.913985 -0.033765 0.049790 0.998189 0.040686 -0.037542 0.998466 
-0.206220 -0.188716 0.960135 -0.020170 -0.013883 0.999700 0.087186 -0.017473 0.996039 0.063041 0.181182 0.981427 0.055466 -0.377004 0.924549 -0.030409 0.044306 0.998555 0.040973 -0.037450 0.998458 
-0.205296 -0.189736 0.960132 -0.012581 -0.008752 0.999883 0.085375 -0.017305 0.996199 0.062050 0.177780 0.982112 0.052148 -0.363760 0.930032 -0.029523 0.042508 0.998660 0.041144 -0.037402 0.998453 
-0.204132 -0.189015 0.960522 -0.008052 -0.005647 0.999952 0.086333 -0.017945 0.996105 0.063701 0.181226 0.981376 0.047866 -0.358189 0.932421 -0.033611 0.047987 0.998282 0.041106 -0.037363 0.998456 
-0.203648 -0.188407 0.960745 -0.006202 -0.004363 0.999971 0.088351 -0.018748 0.995913 0.066218 0.187145 0.980098 0.044211 -0.357310 0.932939 -0.035563 0.050605 0.998085 0.041007 -0.037317 0.998462 
-0.203109 -0.187571 0.961022 -0.008668 -0.006122 0.999944 0.090214 -0.019177 0.995738 0.067881 0.191540 0.979135 0.043487 -0.359973 0.931949 -0.034285 0.048609 0.998229 0.040859 -0.037192 0.998472 
-0.202251 -0.186609 0.961391 -0.012005 -0.008496 0.999892 0.091874 -0.019390 0.995582 0.068884 0.194866 0.978408 0.043725 -0.362789 0.930845 -0.030840 0.043650 0.998571 0.040746 -0.037049 0.998482 
-0.202020 -0.186325 0.961494 -0.016206 -0.011490 0.999803 0.092932 -0.019471 0.995482 0.069228 0.196648 0.978027 0.044464 -0.364584 0.930108 -0.031744 0.044880 0.998488 0.040722 -0.036975 0.998486 
-0.202404 -0.186627 0.961355 -0.020992 -0.014909 0.999668 0.093297 -0.019426 0.995449 0.069157 0.197050 0.977951 0.045255 -0.366501 0.929316 -0.032840 0.046382 0.998384 0.040748 -0.036946 0.998486 
-0.203462 -0.187577 0.960947 -0.025277 -0.017973 0.999519 0.092775 -0.019229 0.995501 0.068608 0.195772 0.978246 0.046049 -0.368605 0.928445 -0.033270 0.046969 0.998342 0.040830 -0.036976 0.998482 
-0.205673 -0.189572 0.960084 -0.028747 -0.020444 0.999378 0.091439 -0.018896 0.995631 0.067635 0.192990 0.978867 0.046868 -0.371027 0.927438 -0.032894 0.046453 0.998379 0.040993 -0.037099 0.998470 
-0.206555 -0.190430 0.959725 -0.030037 -0.021352 0.999321 0.089982 -0.018606 0.995770 0.066781 0.190106 0.979490 0.047199 -0.371827 0.927101 -0.032865 0.046440 0.998380 0.041059 -0.037147 0.998466 
-0.206531 -0.190409 0.959734 -0.030005 -0.021329 0.999322 0.089859 -0.018586 0.995781 0.066725 0.189864 0.979540 0.047172 -0.371715 0.927148 -0.032877 0.046456 0.998379 0.041056 -0.037145 0.998466 
-0.206501 -0.190384 0.959745 -0.029976 -0.021309 0.999323 0.089993 -0.018610 0.995768 0.066795 0.190134 0.979483 0.047183 -0.371770 0.927125 -0.032888 0.046472 0.998378 0.041053 -0.037143 0.998466 
