0.000254 -0.000070 1.000000 0.000142 0.000531 1.000000 0.000146 0.000531 1.000000 0.000268 -0.000067 1.000000 
0.001679 -0.000459 0.999998 -0.000024 -0.000091 1.000000 -0.000022 -0.000080 1.000000 0.001687 -0.000421 0.999998 
0.001410 -0.000385 0.999999 0.000224 0.000833 1.000000 0.000231 0.000841 1.000000 0.001437 -0.000358 0.999999 
0.001288 -0.000352 0.999999 0.000201 0.000749 1.000000 0.000208 0.000756 1.000000 0.001313 -0.000327 0.999999 
0.001181 -0.000323 0.999999 0.000182 0.000678 1.000000 0.000188 0.000684 1.000000 0.001203 -0.000300 0.999999 
0.000383 -0.000105 1.000000 -0.000366 -0.001363 0.999999 -0.000374 -0.001358 0.999999 0.000355 -0.000088 1.000000 
0.000328 -0.000090 1.000000 -0.000328 -0.001222 0.999999 -0.000335 -0.001218 0.999999 0.000303 -0.000076 1.000000 
-0.002748 0.000752 0.999996 -0.000255 -0.000949 1.000000 -0.000266 -0.000965 0.999999 -0.002785 0.000695 0.999996 
-0.006540 0.001791 0.999977 -0.001028 -0.003819 0.999992 -0.001062 -0.003853 0.999992 -0.006663 0.001666 0.999976 
-0.008308 0.002274 0.999963 -0.000551 -0.002048 0.999998 -0.000577 -0.002095 0.999998 -0.008401 0.002100 0.999963 
-0.007607 0.002082 0.999969 -0.000503 -0.001868 0.999998 -0.000527 -0.001912 0.999998 -0.007692 0.001922 0.999969 
-0.008687 0.002378 0.999959 -0.000451 -0.001675 0.999998 -0.000475 -0.001725 0.999998 -0.008774 0.002193 0.999959 
-0.009686 0.002646 0.999950 -0.000376 -0.001399 0.999999 -0.000400 -0.001456 0.999999 -0.009772 0.002437 0.999949 
-0.008960 0.002445 0.999957 -0.000310 -0.001155 0.999999 -0.000332 -0.001208 0.999999 -0.009037 0.002251 0.999957 
-0.008211 0.002237 0.999964 -0.000237 -0.000886 1.000000 -0.000257 -0.000935 1.000000 -0.008277 0.002058 0.999964 
-0.007768 0.002115 0.999968 -0.000171 -0.000640 1.000000 -0.000188 -0.000687 1.000000 -0.007826 0.001945 0.999967 
-0.010547 0.002872 0.999940 -0.000147 -0.000548 1.000000 -0.000168 -0.000611 1.000000 -0.010619 0.002639 0.999940 
-0.003861 0.000999 0.999992 -0.000112 -0.000442 1.000000 -0.000121 -0.000464 1.000000 -0.003891 0.000915 0.999992 
-0.004254 0.001098 0.999990 -0.000177 -0.000697 1.000000 -0.000188 -0.000722 1.000000 -0.004292 0.001007 0.999990 
-0.009340 0.002426 0.999953 -0.000150 -0.000586 1.000000 -0.000168 -0.000642 1.000000 -0.009403 0.002220 0.999953 
-0.016829 0.004532 0.999848 0.000357 0.001350 0.999999 0.000338 0.001245 0.999999 -0.016893 0.004148 0.999849 
-0.013855 0.003743 0.999897 0.000298 0.001121 0.999999 0.000281 0.001035 0.999999 -0.013908 0.003426 0.999897 
-0.008061 0.002203 0.999965 0.000028 0.000105 1.000000 0.000015 0.000055 1.000000 -0.008105 0.002021 0.999965 
-0.007321 0.001967 0.999971 0.000001 0.000003 1.000000 -0.000011 -0.000042 1.000000 -0.007362 0.001803 0.999971 
-0.010677 0.002766 0.999939 0.000071 0.000280 1.000000 0.000056 0.000215 1.000000 -0.010728 0.002525 0.999939 
-0.015294 0.003672 0.999876 0.000101 0.000427 1.000000 0.000081 0.000333 1.000000 -0.015360 0.003328 0.999876 
-0.018971 0.004421 0.999810 0.000088 0.000387 1.000000 0.000064 0.000271 1.000000 -0.019054 0.003994 0.999810 
-0.022593 0.005251 0.999731 0.000100 0.000439 1.000000 0.000070 0.000300 1.000000 -0.022691 0.004743 0.999731 
-0.024590 0.005630 0.999682 0.000101 0.000451 1.000000 0.000069 0.000300 1.000000 -0.024695 0.005078 0.999682 
-0.025633 0.005862 0.999654 0.000137 0.000610 1.000000 0.000104 0.000453 1.000000 -0.025739 0.005285 0.999655 
-0.025943 0.005934 0.999646 0.000140 0.000623 1.000000 0.000107 0.000464 1.000000 -0.026051 0.005350 0.999646 
-0.027550 0.006297 0.999601 0.000451 0.002014 0.999998 0.000425 0.001843 0.999998 -0.027634 0.005671 0.999602 
-0.027047 0.006182 0.999615 0.000411 0.001833 0.999998 0.000384 0.001665 0.999999 -0.027133 0.005568 0.999616 
-0.026243 0.005999 0.999638 0.000371 0.001654 0.999999 0.000344 0.001492 0.999999 -0.026330 0.005403 0.999639 
-0.025211 0.005763 0.999666 0.000334 0.001489 0.999999 0.000307 0.001333 0.999999 -0.025296 0.005191 0.999667 
-0.023996 0.005485 0.999697 0.000300 0.001340 0.999999 0.000275 0.001191 0.999999 -0.024079 0.004942 0.999698 
-0.022644 0.005177 0.999730 0.000269 0.001201 0.999999 0.000245 0.001061 0.999999 -0.022723 0.004664 0.999731 
-0.021275 0.004864 0.999762 0.000241 0.001075 0.999999 0.000217 0.000943 1.000000 -0.021351 0.004383 0.999762 
-0.019890 0.004547 0.999792 0.000215 0.000958 1.000000 0.000192 0.000835 1.000000 -0.019962 0.004098 0.999792 
-0.018553 0.004242 0.999819 0.000191 0.000851 1.000000 0.000170 0.000736 1.000000 -0.018621 0.003822 0.999819 
0.000156 0.000677 1.000000 0.000031 0.000021 1.000000 -0.002023 0.001766 0.999996 -0.011770 0.002416 0.999928 0.000387 -0.000605 1.000000 0.000149 -0.000138 1.000000 
0.000127 0.000550 1.000000 0.000007 0.000005 1.000000 -0.000727 0.000634 1.000000 -0.005173 0.001062 0.999986 0.000183 -0.000286 1.000000 0.000150 -0.000138 1.000000 
0.000026 0.000115 1.000000 0.000007 0.000004 1.000000 -0.000032 0.000028 1.000000 -0.002475 0.000508 0.999997 0.000861 -0.001348 0.999999 0.000151 -0.000140 1.000000 
0.000010 0.000043 1.000000 0.000454 0.000305 1.000000 0.000596 -0.000521 1.000000 -0.000355 0.000073 1.000000 0.001601 -0.002513 0.999996 0.000257 -0.000237 1.000000 
0.000006 0.000025 1.000000 0.001749 0.001173 0.999998 0.000822 -0.000719 0.999999 -0.000281 0.000058 1.000000 0.002094 -0.003290 0.999992 0.000901 -0.000832 0.999999 
0.000004 0.000019 1.000000 0.003055 0.002048 0.999993 0.001015 -0.000887 0.999999 -0.000244 0.000050 1.000000 0.002530 -0.003978 0.999989 0.001541 -0.001422 0.999998 
0.000004 0.000018 1.000000 0.004152 0.002781 0.999988 0.001152 -0.001007 0.999999 -0.000217 0.000044 1.000000 0.002873 -0.004522 0.999986 0.002056 -0.001899 0.999996 
-0.000282 -0.001225 0.999999 0.005109 0.003420 0.999981 0.001196 -0.001046 0.999999 -0.000392 0.000080 1.000000 0.003133 -0.004934 0.999983 0.002989 -0.002759 0.999992 
-0.000230 -0.000999 0.999999 0.005994 0.004012 0.999974 0.001290 -0.001128 0.999999 -0.000193 0.000040 1.000000 0.003227 -0.005083 0.999982 0.003334 -0.003078 0.999990 
-0.000101 -0.000437 1.000000 0.006557 0.004388 0.999969 0.001421 -0.001243 0.999998 0.000127 -0.000026 1.000000 0.003209 -0.005055 0.999982 0.003458 -0.003192 0.999989 
-0.000088 -0.000384 1.000000 0.006759 0.004521 0.999967 0.001381 -0.001207 0.999998 0.000115 -0.000024 1.000000 0.003121 -0.004918 0.999983 0.003526 -0.003256 0.999988 
0.000348 0.001516 0.999999 0.006700 0.004479 0.999968 0.001839 -0.001610 0.999997 0.001008 -0.000206 0.999999 0.002948 -0.004648 0.999985 0.003132 -0.002893 0.999991 
-0.000105 -0.000458 1.000000 0.006499 0.004339 0.999969 0.001679 -0.001470 0.999998 0.002468 -0.000506 0.999997 0.002788 -0.004402 0.999986 0.003339 -0.003084 0.999990 
0.000195 0.000850 1.000000 0.006288 0.004196 0.999971 0.001660 -0.001453 0.999998 0.000765 -0.000157 1.000000 0.002632 -0.004158 0.999988 0.003197 -0.002953 0.999991 
0.000213 0.000926 1.000000 0.006105 0.004072 0.999973 0.001569 -0.001373 0.999998 0.000471 -0.000096 1.000000 0.002521 -0.003984 0.999989 0.003096 -0.002860 0.999991 
0.000194 0.000844 1.000000 0.006014 0.004011 0.999974 0.001496 -0.001310 0.999998 0.000378 -0.000077 1.000000 0.002472 -0.003908 0.999989 0.003044 -0.002813 0.999991 
0.000177 0.000770 1.000000 0.005901 0.003935 0.999975 0.001437 -0.001258 0.999998 0.000291 -0.000060 1.000000 0.002447 -0.003869 0.999990 0.002984 -0.002757 0.999992 
0.000369 0.001609 0.999999 0.005703 0.003803 0.999977 0.002086 -0.001827 0.999996 0.002687 -0.000549 0.999996 0.002403 -0.003800 0.999990 0.002737 -0.002531 0.999993 
0.000757 0.003299 0.999994 0.005456 0.003638 0.999978 0.002299 -0.002014 0.999995 0.001633 -0.000333 0.999999 0.002352 -0.003719 0.999990 0.002488 -0.002301 0.999994 
0.000682 0.002973 0.999995 0.005178 0.003452 0.999981 0.002141 -0.001876 0.999996 0.001372 -0.000280 0.999999 0.002300 -0.003637 0.999991 0.002389 -0.002209 0.999995 
0.000614 0.002679 0.999996 0.004884 0.003256 0.999983 0.002000 -0.001753 0.999996 0.001133 -0.000231 0.999999 0.002260 -0.003574 0.999991 0.002279 -0.002108 0.999995 
-0.000011 -0.000048 1.000000 0.004494 0.002996 0.999985 0.001397 -0.001224 0.999998 -0.000962 0.000197 1.000000 0.002216 -0.003505 0.999991 0.003028 -0.002799 0.999991 
-0.000008 -0.000034 1.000000 0.004224 0.002816 0.999987 0.001320 -0.001156 0.999998 -0.000907 0.000185 1.000000 0.002146 -0.003394 0.999992 0.002821 -0.002607 0.999993 
-0.000004 -0.000019 1.000000 0.004010 0.002673 0.999988 0.001240 -0.001086 0.999999 -0.000862 0.000176 1.000000 0.002057 -0.003253 0.999993 0.002648 -0.002447 0.999994 
-0.000001 -0.000005 1.000000 0.003845 0.002563 0.999989 0.001163 -0.001019 0.999999 -0.000823 0.000168 1.000000 0.001967 -0.003111 0.999993 0.002504 -0.002314 0.999994 
0.000060 0.000260 1.000000 0.003708 0.002472 0.999990 0.001118 -0.000979 0.999999 -0.001104 0.000225 0.999999 0.001901 -0.003006 0.999994 0.002381 -0.002201 0.999995 
0.000053 0.000230 1.000000 0.003605 0.002403 0.999991 0.001062 -0.000930 0.999999 -0.001037 0.000212 0.999999 0.001853 -0.002931 0.999994 0.002282 -0.002110 0.999995 
0.000048 0.000208 1.000000 0.003523 0.002348 0.999991 0.001015 -0.000889 0.999999 -0.000980 0.000200 1.000000 0.001817 -0.002874 0.999994 0.002198 -0.002032 0.999996 
-0.000125 -0.000545 1.000000 0.003421 0.002280 0.999992 0.001070 -0.000938 0.999999 -0.000015 0.000003 1.000000 0.001791 -0.002833 0.999994 0.002285 -0.002113 0.999995 
0.000263 0.001146 0.999999 0.003419 0.002278 0.999992 0.001320 -0.001156 0.999998 -0.000197 0.000040 1.000000 0.001751 -0.002769 0.999995 0.001967 -0.001819 0.999996 
0.000490 0.002138 0.999998 0.003341 0.002226 0.999992 0.001254 -0.001099 0.999999 -0.003828 0.000780 0.999992 0.001708 -0.002701 0.999995 0.002400 -0.002219 0.999995 
0.000442 0.001930 0.999998 0.003219 0.002145 0.999993 0.001199 -0.001050 0.999999 -0.003493 0.000712 0.999994 0.001708 -0.002702 0.999995 0.002274 -0.002103 0.999995 
0.000399 0.001742 0.999998 0.003061 0.002039 0.999993 0.001155 -0.001012 0.999999 -0.003188 0.000650 0.999995 0.001725 -0.002729 0.999995 0.002136 -0.001976 0.999996 
0.000360 0.001571 0.999999 0.002878 0.001918 0.999994 0.001112 -0.000975 0.999999 -0.002912 0.000593 0.999996 0.001733 -0.002742 0.999995 0.001993 -0.001843 0.999996 
0.000436 0.001906 0.999998 0.002689 0.001792 0.999995 0.001237 -0.001084 0.999999 -0.002028 0.000413 0.999998 0.001723 -0.002726 0.999995 0.001698 -0.001570 0.999997 
0.000096 0.000418 1.000000 0.002471 0.001646 0.999996 0.000989 -0.000866 0.999999 -0.002715 0.000553 0.999996 0.001722 -0.002724 0.999995 0.002073 -0.001916 0.999996 
0.000085 0.000371 1.000000 0.002312 0.001540 0.999996 0.000949 -0.000832 0.999999 -0.002492 0.000508 0.999997 0.001702 -0.002692 0.999995 0.001922 -0.001777 0.999997 
0.000077 0.000335 1.000000 0.002185 0.001456 0.999997 0.000902 -0.000791 0.999999 -0.002299 0.000469 0.999997 0.001656 -0.002620 0.999995 0.001792 -0.001657 0.999997 
0.000010 0.000044 1.000000 0.002060 0.001373 0.999997 0.000809 -0.000709 0.999999 -0.002369 0.000483 0.999997 0.001618 -0.002559 0.999995 0.001774 -0.001640 0.999997 
0.000009 0.000038 1.000000 0.001978 0.001318 0.999997 0.000775 -0.000679 0.999999 -0.002185 0.000445 0.999998 0.001580 -0.002499 0.999996 0.001668 -0.001542 0.999997 
0.000326 0.001423 0.999999 0.001965 0.001309 0.999997 0.001112 -0.000974 0.999999 -0.001229 0.000250 0.999999 0.001543 -0.002441 0.999996 0.001280 -0.001184 0.999998 
0.000379 0.001653 0.999999 0.001954 0.001302 0.999997 0.001128 -0.000989 0.999999 -0.002321 0.000473 0.999997 0.001534 -0.002426 0.999996 0.001486 -0.001374 0.999998 
0.000341 0.001489 0.999999 0.001933 0.001288 0.999997 0.001081 -0.000947 0.999999 -0.002144 0.000437 0.999998 0.001545 -0.002445 0.999996 0.001433 -0.001326 0.999998 
0.000309 0.001349 0.999999 0.001883 0.001255 0.999997 0.001039 -0.000910 0.999999 -0.001994 0.000406 0.999998 0.001560 -0.002468 0.999996 0.001371 -0.001268 0.999998 
-0.000178 -0.000778 1.000000 0.001792 0.001193 0.999998 0.000724 -0.000634 1.000000 -0.002592 0.000529 0.999997 0.001569 -0.002484 0.999996 0.001955 -0.001807 0.999996 
-0.000159 -0.000695 1.000000 0.001791 0.001193 0.999998 0.000701 -0.000614 1.000000 -0.002390 0.000487 0.999997 0.001538 -0.002434 0.999996 0.001857 -0.001716 0.999997 
0.000116 0.000507 1.000000 0.001794 0.001195 0.999998 0.000761 -0.000667 0.999999 -0.003517 0.000717 0.999994 0.001501 -0.002376 0.999996 0.001752 -0.001619 0.999997 
0.000106 0.000464 1.000000 0.001771 0.001179 0.999998 0.000744 -0.000652 1.000000 -0.003227 0.000658 0.999995 0.001502 -0.002378 0.999996 0.001663 -0.001537 0.999997 
-0.000041 -0.000178 1.000000 0.001720 0.001145 0.999998 0.000598 -0.000524 1.000000 -0.003533 0.000720 0.999993 0.001483 -0.002347 0.999996 0.001810 -0.001673 0.999997 
-0.000007 -0.000032 1.000000 0.001665 0.001109 0.999998 0.000543 -0.000476 1.000000 -0.004193 0.000854 0.999991 0.001445 -0.002287 0.999996 0.001846 -0.001706 0.999997 
-0.000005 -0.000020 1.000000 0.001623 0.001081 0.999998 0.000535 -0.000468 1.000000 -0.003829 0.000780 0.999992 0.001416 -0.002241 0.999996 0.001731 -0.001600 0.999997 
0.000158 0.000688 1.000000 0.001575 0.001049 0.999998 0.000577 -0.000506 1.000000 -0.004334 0.000883 0.999990 0.001390 -0.002199 0.999997 0.001616 -0.001493 0.999998 
0.000142 0.000622 1.000000 0.001514 0.001008 0.999998 0.000571 -0.000500 1.000000 -0.003987 0.000812 0.999992 0.001393 -0.002204 0.999997 0.001516 -0.001401 0.999998 
0.000017 0.000073 1.000000 0.001439 0.000959 0.999999 0.000466 -0.000408 1.000000 -0.004072 0.000830 0.999991 0.001383 -0.002187 0.999997 0.001603 -0.001481 0.999998 
0.000015 0.000064 1.000000 0.001393 0.000928 0.999999 0.000463 -0.000406 1.000000 -0.003717 0.000757 0.999993 0.001361 -0.002153 0.999997 0.001500 -0.001386 0.999998 
0.000014 0.000061 1.000000 0.001349 0.000899 0.999999 0.000460 -0.000403 1.000000 -0.003398 0.000692 0.999994 0.001340 -0.002119 0.999997 0.001406 -0.001299 0.999998 
0.000013 0.000057 1.000000 0.001328 0.000885 0.999999 0.000460 -0.000403 1.000000 -0.003110 0.000634 0.999995 0.001328 -0.002101 0.999997 0.001329 -0.001229 0.999998 
0.000012 0.000053 1.000000 0.001336 0.000890 0.999999 0.000463 -0.000405 1.000000 -0.002853 0.000581 0.999996 0.001324 -0.002095 0.999997 0.001274 -0.001178 0.999998 
0.000011 0.000049 1.000000 0.001364 0.000909 0.999999 0.000465 -0.000407 1.000000 -0.002617 0.000533 0.999996 0.001319 -0.002086 0.999997 0.001233 -0.001140 0.999999 
-0.000399 -0.001740 0.999998 0.001307 0.000871 0.999999 0.000196 -0.000172 1.000000 -0.005056 0.001033 0.999987 0.001293 -0.002046 0.999997 0.002240 -0.002069 0.999995 
0.000250 0.001091 0.999999 0.001359 0.000906 0.999999 0.000421 -0.000369 1.000000 -0.007635 0.001556 0.999970 0.001239 -0.001960 0.999997 0.002078 -0.001920 0.999996 
0.000227 0.000990 0.999999 0.001373 0.000914 0.999999 0.000424 -0.000372 1.000000 -0.006926 0.001411 0.999975 0.001227 -0.001942 0.999997 0.001953 -0.001805 0.999996 
0.000206 0.000899 1.000000 0.001339 0.000892 0.999999 0.000431 -0.000378 1.000000 -0.006284 0.001281 0.999979 0.001228 -0.001943 0.999997 0.001818 -0.001679 0.999997 
0.000187 0.000816 1.000000 0.001278 0.000851 0.999999 0.000441 -0.000386 1.000000 -0.005712 0.001164 0.999983 0.001240 -0.001963 0.999997 0.001682 -0.001554 0.999997 
0.000331 0.001446 0.999999 0.001228 0.000818 0.999999 0.000497 -0.000436 1.000000 -0.006059 0.001234 0.999981 0.001242 -0.001965 0.999997 0.001560 -0.001442 0.999998 
0.000296 0.001295 0.999999 0.001174 0.000782 0.999999 0.000507 -0.000444 1.000000 -0.005506 0.001122 0.999984 0.001270 -0.002009 0.999997 0.001453 -0.001342 0.999998 
0.000162 0.000705 1.000000 0.001092 0.000728 0.999999 0.000416 -0.000364 1.000000 -0.005428 0.001106 0.999985 0.001277 -0.002021 0.999997 0.001519 -0.001403 0.999998 
0.000146 0.000638 1.000000 0.001038 0.000691 0.999999 0.000424 -0.000371 1.000000 -0.004943 0.001007 0.999987 0.001280 -0.002025 0.999997 0.001404 -0.001297 0.999998 
0.000296 0.001296 0.999999 0.000984 0.000655 0.999999 0.000737 -0.000646 1.000000 -0.003891 0.000791 0.999992 0.001270 -0.002010 0.999997 0.001226 -0.001133 0.999999 
0.000228 0.000998 0.999999 0.000902 0.000601 0.999999 0.000746 -0.000653 1.000000 -0.003369 0.000685 0.999994 0.001296 -0.002051 0.999997 0.001172 -0.001083 0.999999 
0.000206 0.000902 1.000000 0.000900 0.000599 0.999999 0.000731 -0.000640 1.000000 -0.003091 0.000629 0.999995 0.001321 -0.002091 0.999997 0.001109 -0.001025 0.999999 
0.000109 0.000478 1.000000 0.000896 0.000597 0.999999 0.000647 -0.000567 1.000000 -0.003181 0.000647 0.999995 0.001342 -0.002124 0.999997 0.001191 -0.001101 0.999999 
0.000430 0.001883 0.999998 0.000946 0.000630 0.999999 0.000865 -0.000758 0.999999 -0.003534 0.000718 0.999993 0.001345 -0.002128 0.999997 0.001000 -0.000924 0.999999 
0.000153 0.000671 1.000000 0.000948 0.000632 0.999999 0.000755 -0.000662 0.999999 -0.003507 0.000713 0.999994 0.001373 -0.002173 0.999997 0.001336 -0.001235 0.999998 
0.000132 0.000577 1.000000 0.000954 0.000636 0.999999 0.000746 -0.000654 1.000000 -0.003231 0.000657 0.999995 0.001414 -0.002238 0.999996 0.001276 -0.001179 0.999998 
0.000120 0.000526 1.000000 0.000979 0.000652 0.999999 0.000734 -0.000643 1.000000 -0.002978 0.000605 0.999995 0.001436 -0.002272 0.999996 0.001219 -0.001127 0.999999 
-0.000028 -0.000121 1.000000 0.000988 0.000658 0.999999 0.000633 -0.000554 1.000000 -0.003021 0.000614 0.999995 0.001445 -0.002288 0.999996 0.001368 -0.001264 0.999998 
-0.000021 -0.000092 1.000000 0.001037 0.000691 0.999999 0.000624 -0.000547 1.000000 -0.002803 0.000570 0.999996 0.001441 -0.002280 0.999996 0.001316 -0.001216 0.999998 
-0.000014 -0.000059 1.000000 0.001071 0.000713 0.999999 0.000615 -0.000538 1.000000 -0.002611 0.000531 0.999996 0.001435 -0.002272 0.999996 0.001261 -0.001165 0.999999 
0.000178 0.000781 1.000000 0.001100 0.000733 0.999999 0.000656 -0.000574 1.000000 -0.003462 0.000704 0.999994 0.001419 -0.002245 0.999996 0.001211 -0.001119 0.999999 
-0.000136 -0.000593 1.000000 0.001087 0.000724 0.999999 0.000450 -0.000394 1.000000 -0.004247 0.000864 0.999991 0.001413 -0.002237 0.999996 0.001714 -0.001583 0.999997 
-0.000119 -0.000520 1.000000 0.001155 0.000769 0.999999 0.000451 -0.000395 1.000000 -0.003900 0.000793 0.999992 0.001391 -0.002202 0.999997 0.001639 -0.001514 0.999998 
-0.000031 -0.000135 1.000000 0.001192 0.000793 0.999999 0.000501 -0.000439 1.000000 -0.003733 0.000759 0.999993 0.001354 -0.002144 0.999997 0.001536 -0.001419 0.999998 
0.000220 0.000962 1.000000 0.001226 0.000816 0.999999 0.000571 -0.000500 1.000000 -0.004792 0.000974 0.999988 0.001336 -0.002116 0.999997 0.001473 -0.001361 0.999998 
0.000199 0.000873 1.000000 0.001249 0.000832 0.999999 0.000576 -0.000505 1.000000 -0.004383 0.000891 0.999990 0.001365 -0.002162 0.999997 0.001408 -0.001301 0.999998 
-0.000126 -0.000550 1.000000 0.001234 0.000822 0.999999 0.000305 -0.000267 1.000000 -0.005300 0.001078 0.999985 0.001381 -0.002187 0.999997 0.001875 -0.001732 0.999997 
-0.000102 -0.000446 1.000000 0.001248 0.000831 0.999999 0.000274 -0.000240 1.000000 -0.005724 0.001164 0.999983 0.001355 -0.002145 0.999997 0.001923 -0.001776 0.999997 
-0.000088 -0.000386 1.000000 0.001242 0.000827 0.999999 0.000289 -0.000253 1.000000 -0.005220 0.001062 0.999986 0.001326 -0.002099 0.999997 0.001798 -0.001661 0.999997 
-0.000063 -0.000278 1.000000 0.001219 0.000811 0.999999 0.000231 -0.000202 1.000000 -0.006058 0.001232 0.999981 0.001289 -0.002041 0.999997 0.001905 -0.001759 0.999997 
-0.000053 -0.000232 1.000000 0.001206 0.000803 0.999999 0.000251 -0.000219 1.000000 -0.005525 0.001124 0.999984 0.001267 -0.002006 0.999997 0.001779 -0.001643 0.999997 
0.000678 0.002960 0.999995 0.001349 0.000898 0.999999 0.000800 -0.000701 0.999999 -0.005868 0.001196 0.999982 0.001203 -0.001904 0.999997 0.001340 -0.001239 0.999998 
0.000612 0.002672 0.999996 0.001473 0.000980 0.999998 0.000765 -0.000671 0.999999 -0.005359 0.001092 0.999985 0.001198 -0.001898 0.999997 0.001344 -0.001242 0.999998 
0.000553 0.002413 0.999997 0.001569 0.001043 0.999998 0.000750 -0.000658 1.000000 -0.004896 0.000998 0.999988 0.001234 -0.001957 0.999997 0.001340 -0.001239 0.999998 
0.000729 0.003185 0.999995 0.001676 0.001114 0.999998 0.000901 -0.000790 0.999999 -0.004906 0.001000 0.999987 0.001274 -0.002019 0.999997 0.001245 -0.001151 0.999999 
0.000511 0.002232 0.999997 0.001713 0.001139 0.999998 0.000612 -0.000536 1.000000 -0.007385 0.001506 0.999972 0.001322 -0.002095 0.999997 0.001908 -0.001763 0.999997 
0.000341 0.001489 0.999999 0.001649 0.001096 0.999998 0.000604 -0.000530 1.000000 -0.006850 0.001397 0.999976 0.001361 -0.002158 0.999997 0.002012 -0.001859 0.999996 
0.000299 0.001305 0.999999 0.001596 0.001061 0.999998 0.000536 -0.000470 1.000000 -0.007442 0.001518 0.999971 0.001386 -0.002197 0.999997 0.002119 -0.001958 0.999996 
0.000273 0.001189 0.999999 0.001571 0.001045 0.999998 0.000544 -0.000476 1.000000 -0.006898 0.001407 0.999975 0.001421 -0.002253 0.999996 0.002007 -0.001855 0.999996 
0.000247 0.001077 0.999999 0.001617 0.001076 0.999998 0.000575 -0.000504 1.000000 -0.006282 0.001281 0.999979 0.001501 -0.002378 0.999996 0.001918 -0.001772 0.999997 
0.000403 0.001761 0.999998 0.001573 0.001047 0.999998 0.000640 -0.000561 1.000000 -0.006918 0.001410 0.999975 0.001533 -0.002429 0.999996 0.001847 -0.001707 0.999997 
-0.000603 -0.002631 0.999996 0.001263 0.000840 0.999999 -0.000013 0.000012 1.000000 -0.009440 0.001927 0.999954 0.001580 -0.002505 0.999996 0.003304 -0.003050 0.999990 
-0.000538 -0.002348 0.999997 0.001158 0.000770 0.999999 0.000068 -0.000060 1.000000 -0.008541 0.001743 0.999962 0.001603 -0.002540 0.999995 0.002998 -0.002767 0.999992 
-0.000153 -0.000667 1.000000 0.001161 0.000773 0.999999 0.000347 -0.000303 1.000000 -0.008316 0.001696 0.999964 0.001565 -0.002480 0.999996 0.002619 -0.002418 0.999994 
0.000300 0.001311 0.999999 0.001099 0.000731 0.999999 0.000714 -0.000625 1.000000 -0.007731 0.001574 0.999969 0.001524 -0.002416 0.999996 0.002104 -0.001943 0.999996 
0.000272 0.001191 0.999999 0.001009 0.000671 0.999999 0.000709 -0.000621 1.000000 -0.007042 0.001434 0.999974 0.001545 -0.002448 0.999996 0.001919 -0.001773 0.999997 
0.000247 0.001082 0.999999 0.000989 0.000658 0.999999 0.000715 -0.000626 1.000000 -0.006423 0.001308 0.999979 0.001593 -0.002522 0.999996 0.001781 -0.001645 0.999997 
0.000011 0.000048 1.000000 0.000976 0.000649 0.999999 0.000658 -0.000576 1.000000 -0.006085 0.001239 0.999981 0.001668 -0.002642 0.999995 0.002000 -0.001847 0.999996 
0.000010 0.000042 1.000000 0.001156 0.000770 0.999999 0.000663 -0.000580 1.000000 -0.005559 0.001132 0.999984 0.001687 -0.002671 0.999995 0.001951 -0.001801 0.999996 
0.000116 0.000508 1.000000 0.001181 0.000786 0.999999 0.000681 -0.000596 1.000000 -0.006009 0.001224 0.999981 0.001709 -0.002705 0.999995 0.001902 -0.001756 0.999997 
0.000106 0.000463 1.000000 0.001332 0.000887 0.999999 0.000727 -0.000636 1.000000 -0.005487 0.001117 0.999984 0.001832 -0.002901 0.999994 0.001855 -0.001713 0.999997 
0.000097 0.000423 1.000000 0.001532 0.001020 0.999998 0.000780 -0.000683 0.999999 -0.005021 0.001023 0.999987 0.001976 -0.003127 0.999993 0.001844 -0.001703 0.999997 
-0.000006 -0.000028 1.000000 0.001726 0.001150 0.999998 0.000720 -0.000630 1.000000 -0.005007 0.001020 0.999987 0.002042 -0.003231 0.999993 0.002009 -0.001855 0.999996 
-0.000004 -0.000017 1.000000 0.001943 0.001295 0.999997 0.000773 -0.000677 0.999999 -0.004584 0.000934 0.999989 0.002160 -0.003417 0.999992 0.002009 -0.001854 0.999996 
-0.000003 -0.000011 1.000000 0.002134 0.001422 0.999997 0.000823 -0.000721 0.999999 -0.004198 0.000855 0.999991 0.002272 -0.003594 0.999991 0.002005 -0.001851 0.999996 
-0.000001 -0.000006 1.000000 0.002323 0.001548 0.999996 0.000866 -0.000758 0.999999 -0.003847 0.000784 0.999992 0.002366 -0.003742 0.999990 0.002010 -0.001856 0.999996 
-0.000001 -0.000003 1.000000 0.002532 0.001688 0.999995 0.000910 -0.000797 0.999999 -0.003525 0.000718 0.999994 0.002464 -0.003898 0.999989 0.002033 -0.001877 0.999996 
-0.000245 -0.001072 0.999999 0.002743 0.001828 0.999995 0.000792 -0.000693 0.999999 -0.003692 0.000752 0.999993 0.002541 -0.004019 0.999989 0.002427 -0.002240 0.999995 
0.000473 0.002070 0.999998 0.003021 0.002014 0.999993 0.001171 -0.001025 0.999999 -0.006859 0.001395 0.999976 0.002519 -0.003983 0.999989 0.002567 -0.002370 0.999994 
0.000427 0.001870 0.999998 0.003236 0.002157 0.999992 0.001159 -0.001014 0.999999 -0.006258 0.001273 0.999980 0.002531 -0.004004 0.999989 0.002574 -0.002377 0.999994 
0.000251 0.001098 0.999999 0.003352 0.002234 0.999992 0.001141 -0.000999 0.999999 -0.005856 0.001192 0.999982 0.002595 -0.004105 0.999988 0.002785 -0.002571 0.999993 
0.000231 0.001010 0.999999 0.003442 0.002294 0.999991 0.001180 -0.001033 0.999999 -0.005237 0.001065 0.999986 0.002685 -0.004248 0.999987 0.002709 -0.002501 0.999993 
0.000145 0.000633 1.000000 0.003594 0.002395 0.999991 0.001202 -0.001052 0.999999 -0.004682 0.000952 0.999989 0.002804 -0.004436 0.999986 0.002761 -0.002549 0.999993 
0.000060 0.000264 1.000000 0.003755 0.002503 0.999990 0.001173 -0.001027 0.999999 -0.004592 0.000934 0.999989 0.002917 -0.004614 0.999985 0.002876 -0.002655 0.999992 
0.000055 0.000243 1.000000 0.003901 0.002600 0.999989 0.001212 -0.001061 0.999999 -0.004201 0.000854 0.999991 0.002951 -0.004666 0.999985 0.002884 -0.002663 0.999992 
0.000052 0.000227 1.000000 0.004134 0.002756 0.999988 0.001227 -0.001073 0.999999 -0.003797 0.000772 0.999992 0.003078 -0.004866 0.999983 0.002856 -0.002636 0.999992 
-0.000082 -0.000361 1.000000 0.004107 0.002738 0.999988 0.001219 -0.001067 0.999999 -0.004512 0.000917 0.999989 0.003121 -0.004935 0.999983 0.003232 -0.002984 0.999990 
-0.000070 -0.000308 1.000000 0.004196 0.002798 0.999987 0.001124 -0.000983 0.999999 -0.004909 0.000997 0.999987 0.003111 -0.004919 0.999983 0.003243 -0.002994 0.999990 
0.000064 0.000282 1.000000 0.004238 0.002826 0.999987 0.001261 -0.001104 0.999999 -0.004468 0.000908 0.999990 0.003119 -0.004931 0.999983 0.003075 -0.002839 0.999991 
0.000155 0.000678 1.000000 0.004205 0.002804 0.999987 0.001206 -0.001055 0.999999 -0.005849 0.001188 0.999982 0.003104 -0.004907 0.999983 0.003193 -0.002948 0.999991 
0.000142 0.000621 1.000000 0.004184 0.002790 0.999987 0.001214 -0.001063 0.999999 -0.005336 0.001084 0.999985 0.003122 -0.004935 0.999983 0.003077 -0.002841 0.999991 
0.000454 0.001995 0.999998 0.004092 0.002729 0.999988 0.001343 -0.001175 0.999998 -0.006317 0.001280 0.999979 0.003062 -0.004840 0.999984 0.002913 -0.002690 0.999992 
0.000420 0.001845 0.999998 0.004009 0.002674 0.999988 0.001338 -0.001171 0.999998 -0.005819 0.001178 0.999982 0.003080 -0.004868 0.999983 0.002795 -0.002581 0.999993 
0.000241 0.001059 0.999999 0.003901 0.002602 0.999989 0.001276 -0.001117 0.999999 -0.006144 0.001245 0.999980 0.003100 -0.004900 0.999983 0.003058 -0.002824 0.999991 
0.000219 0.000959 1.000000 0.003850 0.002568 0.999989 0.001277 -0.001117 0.999999 -0.005601 0.001135 0.999984 0.003117 -0.004926 0.999983 0.002929 -0.002704 0.999992 
0.000199 0.000874 1.000000 0.003793 0.002530 0.999990 0.001283 -0.001123 0.999999 -0.005122 0.001038 0.999986 0.003148 -0.004974 0.999983 0.002808 -0.002592 0.999993 
0.000181 0.000794 1.000000 0.003764 0.002511 0.999990 0.001293 -0.001131 0.999999 -0.004689 0.000950 0.999989 0.003188 -0.005037 0.999982 0.002709 -0.002501 0.999993 
0.000164 0.000721 1.000000 0.003756 0.002506 0.999990 0.001302 -0.001139 0.999999 -0.004297 0.000871 0.999990 0.003226 -0.005096 0.999982 0.002628 -0.002427 0.999994 
0.000305 0.001339 0.999999 0.003738 0.002495 0.999990 0.001361 -0.001191 0.999998 -0.004764 0.000965 0.999988 0.003223 -0.005090 0.999982 0.002564 -0.002367 0.999994 
0.000277 0.001218 0.999999 0.003702 0.002471 0.999990 0.001376 -0.001204 0.999998 -0.004373 0.000885 0.999990 0.003287 -0.005192 0.999981 0.002483 -0.002293 0.999994 
0.000161 0.000707 1.000000 0.003580 0.002389 0.999991 0.001195 -0.001045 0.999999 -0.007790 0.001576 0.999968 0.003310 -0.005229 0.999981 0.003273 -0.003020 0.999990 
0.000146 0.000640 1.000000 0.003533 0.002358 0.999991 0.001204 -0.001053 0.999999 -0.007084 0.001434 0.999974 0.003309 -0.005225 0.999981 0.003110 -0.002870 0.999991 
0.000003 0.000011 1.000000 0.003504 0.002339 0.999991 0.001185 -0.001037 0.999999 -0.006583 0.001332 0.999977 0.003278 -0.005177 0.999981 0.003213 -0.002964 0.999990 
0.000004 0.000016 1.000000 0.003506 0.002340 0.999991 0.001187 -0.001038 0.999999 -0.005996 0.001214 0.999981 0.003257 -0.005143 0.999981 0.003074 -0.002837 0.999991 
0.000072 0.000315 1.000000 0.003486 0.002327 0.999991 0.001214 -0.001062 0.999999 -0.005736 0.001160 0.999983 0.003236 -0.005110 0.999982 0.002920 -0.002695 0.999992 
0.000065 0.000287 1.000000 0.003507 0.002342 0.999991 0.001228 -0.001074 0.999999 -0.005238 0.001059 0.999986 0.003262 -0.005149 0.999981 0.002820 -0.002602 0.999993 
-0.000071 -0.000313 1.000000 0.003571 0.002384 0.999991 0.001157 -0.001011 0.999999 -0.005049 0.001021 0.999987 0.003280 -0.005178 0.999981 0.002949 -0.002721 0.999992 
-0.000060 -0.000264 1.000000 0.003721 0.002485 0.999990 0.001179 -0.001031 0.999999 -0.004632 0.000937 0.999989 0.003304 -0.005215 0.999981 0.002909 -0.002684 0.999992 
-0.000048 -0.000213 1.000000 0.003892 0.002600 0.999989 0.001212 -0.001059 0.999999 -0.004267 0.000863 0.999991 0.003361 -0.005304 0.999980 0.002890 -0.002666 0.999992 
-0.000038 -0.000167 1.000000 0.004067 0.002717 0.999988 0.001250 -0.001093 0.999999 -0.003938 0.000796 0.999992 0.003436 -0.005422 0.999979 0.002881 -0.002658 0.999992 
0.000604 0.002659 0.999996 0.004243 0.002835 0.999987 0.001737 -0.001520 0.999997 -0.004739 0.000957 0.999988 0.003440 -0.005427 0.999979 0.002616 -0.002415 0.999994 
0.000321 0.001412 0.999999 0.004295 0.002869 0.999987 0.001630 -0.001425 0.999998 -0.004637 0.000937 0.999989 0.003508 -0.005535 0.999979 0.002955 -0.002727 0.999992 
0.000291 0.001280 0.999999 0.004407 0.002945 0.999986 0.001649 -0.001442 0.999998 -0.004251 0.000859 0.999991 0.003621 -0.005714 0.999977 0.002933 -0.002706 0.999992 
0.000121 0.000533 1.000000 0.004607 0.003078 0.999985 0.001650 -0.001442 0.999998 -0.003990 0.000807 0.999992 0.003727 -0.005881 0.999976 0.003211 -0.002963 0.999990 
0.000443 0.001946 0.999998 0.004687 0.003132 0.999984 0.001655 -0.001447 0.999998 -0.008705 0.001761 0.999961 0.003719 -0.005866 0.999976 0.003893 -0.003591 0.999986 
0.000401 0.001765 0.999998 0.004746 0.003172 0.999984 0.001673 -0.001462 0.999998 -0.007930 0.001604 0.999967 0.003809 -0.006009 0.999975 0.003774 -0.003482 0.999987 
0.000364 0.001598 0.999999 0.004789 0.003201 0.999983 0.001696 -0.001483 0.999997 -0.007225 0.001461 0.999973 0.003911 -0.006169 0.999973 0.003663 -0.003379 0.999988 
0.000304 0.001336 0.999999 0.004808 0.003213 0.999983 0.001618 -0.001415 0.999998 -0.008710 0.001763 0.999961 0.003968 -0.006259 0.999973 0.004035 -0.003722 0.999985 
0.000702 0.003091 0.999995 0.004728 0.003160 0.999984 0.001570 -0.001372 0.999998 -0.013731 0.002773 0.999902 0.003955 -0.006239 0.999973 0.004517 -0.004164 0.999981 
0.000635 0.002795 0.999996 0.004537 0.003032 0.999985 0.001575 -0.001376 0.999998 -0.012458 0.002516 0.999919 0.003968 -0.006259 0.999973 0.004221 -0.003892 0.999984 
0.000575 0.002531 0.999997 0.004300 0.002874 0.999987 0.001576 -0.001377 0.999998 -0.011314 0.002285 0.999933 0.003977 -0.006272 0.999972 0.003924 -0.003617 0.999986 
