0.001045 0.000366 0.999999 -0.000051 0.000149 1.000000 -0.000046 0.000124 1.000000 0.001047 0.000359 0.999999 
0.000461 0.000162 1.000000 0.000144 -0.000416 1.000000 0.000157 -0.000423 1.000000 0.000465 0.000160 1.000000 
0.000404 0.000141 1.000000 0.000493 -0.001428 0.999999 0.000528 -0.001425 0.999999 0.000414 0.000142 1.000000 
-0.000497 -0.000174 1.000000 0.000448 -0.001298 0.999999 0.000473 -0.001277 0.999999 -0.000490 -0.000168 1.000000 
-0.000446 -0.000156 1.000000 0.000408 -0.001182 0.999999 0.000431 -0.001162 0.999999 -0.000440 -0.000151 1.000000 
-0.000393 -0.000138 1.000000 0.000690 -0.001999 0.999998 0.000731 -0.001974 0.999998 -0.000382 -0.000131 1.000000 
0.000137 0.000048 1.000000 0.000602 -0.001743 0.999998 0.000642 -0.001732 0.999998 0.000148 0.000051 1.000000 
0.000039 0.000014 1.000000 0.000535 -0.001550 0.999999 0.000570 -0.001538 0.999999 0.000049 0.000017 1.000000 
0.001089 0.000381 0.999999 0.000868 -0.002513 0.999996 0.000933 -0.002517 0.999996 0.001106 0.000380 0.999999 
0.005748 0.002019 0.999981 0.001897 -0.005478 0.999983 0.002066 -0.005561 0.999982 0.005793 0.001996 0.999981 
0.005544 0.001948 0.999983 0.001879 -0.005425 0.999984 0.002045 -0.005503 0.999983 0.005589 0.001925 0.999983 
0.005418 0.001880 0.999984 0.004702 -0.013746 0.999894 0.005051 -0.013756 0.999893 0.005514 0.001876 0.999983 
0.004913 0.001568 0.999987 0.006016 -0.019140 0.999799 0.006477 -0.019107 0.999796 0.005039 0.001575 0.999986 
0.004452 0.001342 0.999989 0.006704 -0.022613 0.999722 0.007238 -0.022553 0.999719 0.004599 0.001355 0.999989 
0.004064 0.001137 0.999991 0.007958 -0.028948 0.999549 0.008627 -0.028849 0.999547 0.004248 0.001160 0.999990 
0.006485 0.001873 0.999977 0.005965 -0.021005 0.999762 0.006475 -0.021007 0.999758 0.006625 0.001870 0.999976 
0.015068 0.004922 0.999874 0.003323 -0.010331 0.999941 0.003667 -0.010586 0.999937 0.015161 0.004850 0.999873 
0.004310 -0.007935 0.999959 0.003544 -0.009597 0.999948 0.024393 0.008520 0.999666 -0.007936 -0.000750 0.999968 0.014773 0.007994 0.999859 0.001179 -0.000036 0.999999 
-0.000072 0.000130 1.000000 0.003311 -0.008787 0.999956 0.024196 0.008631 0.999670 0.002594 0.000279 0.999997 0.012997 0.007151 0.999890 0.006066 -0.000116 0.999982 
-0.000225 0.000402 1.000000 0.002920 -0.007746 0.999966 0.020472 0.007306 0.999764 0.002271 0.000244 0.999997 0.008750 0.004884 0.999950 0.005604 -0.000108 0.999984 
-0.000211 0.000374 1.000000 0.002711 -0.007171 0.999971 0.019918 0.007127 0.999776 0.002105 0.000226 0.999998 0.007706 0.004328 0.999961 0.005709 -0.000108 0.999984 
-0.000192 0.000340 1.000000 0.002523 -0.006674 0.999975 0.019289 0.006904 0.999790 0.001957 0.000210 0.999998 0.007271 0.004084 0.999965 0.005607 -0.000106 0.999984 
-0.000910 0.001614 0.999998 0.002263 -0.005985 0.999980 0.016552 0.005924 0.999845 0.002604 0.000279 0.999997 0.006667 0.003743 0.999971 0.004706 -0.000090 0.999989 
-0.000621 0.001100 0.999999 0.001938 -0.005125 0.999985 0.011954 0.004278 0.999919 0.002058 0.000220 0.999998 0.003932 0.002210 0.999990 0.003602 -0.000069 0.999994 
-0.001658 0.002926 0.999994 0.001585 -0.004185 0.999990 0.005595 0.002005 0.999982 0.002462 0.000264 0.999997 0.003161 0.001784 0.999993 0.000836 -0.000016 1.000000 
-0.003104 0.005458 0.999980 0.000526 -0.001388 0.999999 0.000144 0.000052 1.000000 0.000678 0.000073 1.000000 0.000398 0.000225 1.000000 -0.002409 0.000044 0.999997 
-0.005406 0.009502 0.999940 0.000018 -0.000048 1.000000 0.000265 0.000095 1.000000 -0.001143 -0.000124 0.999999 -0.002358 -0.001336 0.999996 -0.004388 0.000079 0.999990 
-0.006609 0.011618 0.999911 -0.000706 0.001860 0.999998 0.001572 0.000565 0.999999 -0.002467 -0.000269 0.999997 -0.003561 -0.002018 0.999992 -0.004920 0.000087 0.999988 
-0.007313 0.012848 0.999891 -0.000362 0.000953 0.999999 0.001636 0.000588 0.999998 -0.002146 -0.000235 0.999998 -0.002943 -0.001669 0.999994 -0.005652 0.000099 0.999984 
-0.007975 0.013999 0.999870 -0.000576 0.001516 0.999999 -0.000509 -0.000183 1.000000 -0.001659 -0.000183 0.999999 -0.002323 -0.001318 0.999996 -0.006781 0.000119 0.999977 
-0.008767 0.015380 0.999843 -0.000551 0.001449 0.999999 -0.000427 -0.000154 1.000000 -0.001524 -0.000168 0.999999 -0.001951 -0.001108 0.999997 -0.007416 0.000129 0.999972 
-0.009660 0.016938 0.999810 -0.000493 0.001297 0.999999 -0.000289 -0.000104 1.000000 -0.001371 -0.000151 0.999999 -0.001482 -0.000842 0.999999 -0.008139 0.000141 0.999967 
-0.010637 0.018650 0.999769 -0.001212 0.003190 0.999994 -0.000213 -0.000077 1.000000 -0.001818 -0.000201 0.999998 -0.000680 -0.000386 1.000000 -0.008947 0.000153 0.999960 
-0.011574 0.020284 0.999727 -0.001119 0.002944 0.999995 -0.000189 -0.000068 1.000000 -0.001528 -0.000169 0.999999 0.000171 0.000097 1.000000 -0.009791 0.000167 0.999952 
-0.012188 0.021344 0.999698 -0.001943 0.005111 0.999985 0.000840 0.000302 1.000000 -0.002228 -0.000248 0.999997 0.001080 0.000614 0.999999 -0.010034 0.000168 0.999950 
-0.012457 0.021789 0.999685 -0.001928 0.005071 0.999985 0.001036 0.000373 0.999999 -0.002123 -0.000236 0.999998 0.001929 0.001098 0.999998 -0.010339 0.000172 0.999947 
-0.012608 0.022027 0.999678 -0.001468 0.003859 0.999991 0.001628 0.000586 0.999999 -0.001966 -0.000219 0.999998 0.002694 0.001535 0.999995 -0.010634 0.000177 0.999943 
-0.012881 0.022491 0.999664 -0.002271 0.005973 0.999980 0.000628 0.000226 1.000000 -0.002235 -0.000249 0.999997 0.003005 0.001713 0.999994 -0.010992 0.000181 0.999940 
-0.013052 0.022781 0.999655 -0.002665 0.007010 0.999972 0.001904 0.000685 0.999998 -0.002789 -0.000312 0.999996 0.003271 0.001866 0.999993 -0.010784 0.000176 0.999942 
-0.013205 0.023041 0.999647 -0.002421 0.006368 0.999977 0.001705 0.000613 0.999998 -0.002530 -0.000283 0.999997 0.003436 0.001961 0.999992 -0.011020 0.000179 0.999939 
-0.013266 0.023143 0.999644 -0.002348 0.006176 0.999978 0.001859 0.000669 0.999998 -0.002484 -0.000278 0.999997 0.003494 0.001994 0.999992 -0.011036 0.000179 0.999939 
-0.013212 0.023048 0.999647 -0.002758 0.007252 0.999970 0.003069 0.001104 0.999995 -0.003053 -0.000342 0.999995 0.003517 0.002007 0.999992 -0.010610 0.000170 0.999944 
-0.013109 0.022868 0.999653 -0.002665 0.007006 0.999972 0.003127 0.001125 0.999994 -0.002977 -0.000334 0.999996 0.003425 0.001955 0.999992 -0.010484 0.000167 0.999945 
-0.012885 0.022479 0.999664 -0.002757 0.007253 0.999970 0.001492 0.000537 0.999999 -0.002661 -0.000299 0.999996 0.003255 0.001858 0.999993 -0.010655 0.000170 0.999943 
-0.012561 0.021916 0.999681 -0.002382 0.006267 0.999978 0.001585 0.000570 0.999999 -0.002454 -0.000275 0.999997 0.003101 0.001770 0.999994 -0.010426 0.000166 0.999946 
-0.012195 0.021283 0.999699 -0.002330 0.006128 0.999979 0.002600 0.000936 0.999996 -0.002736 -0.000307 0.999996 0.003020 0.001723 0.999994 -0.009921 0.000157 0.999951 
-0.011803 0.020612 0.999718 -0.002191 0.005765 0.999981 0.001390 0.000500 0.999999 -0.002430 -0.000273 0.999997 0.002916 0.001663 0.999994 -0.009973 0.000158 0.999950 
-0.011447 0.020001 0.999734 -0.001979 0.005207 0.999984 0.001226 0.000441 0.999999 -0.002203 -0.000247 0.999998 0.002781 0.001585 0.999995 -0.009706 0.000154 0.999953 
-0.011146 0.019478 0.999748 -0.001784 0.004693 0.999987 0.001104 0.000397 0.999999 -0.001996 -0.000224 0.999998 0.002712 0.001545 0.999995 -0.009483 0.000151 0.999955 
-0.010897 0.019043 0.999759 -0.001611 0.004239 0.999990 0.000992 0.000357 0.999999 -0.001809 -0.000203 0.999998 0.002661 0.001516 0.999995 -0.009301 0.000148 0.999957 
-0.010672 0.018650 0.999769 -0.001526 0.004016 0.999991 0.000082 0.000030 1.000000 -0.001598 -0.000179 0.999999 0.002582 0.001471 0.999996 -0.009392 0.000150 0.999956 
-0.010457 0.018275 0.999778 -0.001380 0.003633 0.999992 0.000085 0.000030 1.000000 -0.001453 -0.000163 0.999999 0.002531 0.001442 0.999996 -0.009200 0.000147 0.999958 
-0.010269 0.017946 0.999786 -0.001248 0.003285 0.999994 0.000087 0.000031 1.000000 -0.001323 -0.000149 0.999999 0.002490 0.001419 0.999996 -0.009033 0.000144 0.999959 
-0.010100 0.017650 0.999793 -0.001127 0.002968 0.999995 0.000089 0.000032 1.000000 -0.001203 -0.000135 0.999999 0.002461 0.001403 0.999996 -0.008885 0.000142 0.999961 
-0.009947 0.017383 0.999799 -0.001087 0.002861 0.999995 0.000751 0.000270 1.000000 -0.001506 -0.000169 0.999999 0.002436 0.001388 0.999996 -0.008725 0.000138 0.999962 
-0.009786 0.017105 0.999806 -0.001029 0.002708 0.999996 0.000542 0.000195 1.000000 -0.001523 -0.000171 0.999999 0.002382 0.001357 0.999996 -0.008725 0.000139 0.999962 
-0.009655 0.016876 0.999811 -0.000931 0.002451 0.999997 0.000493 0.000177 1.000000 -0.001385 -0.000156 0.999999 0.002337 0.001331 0.999996 -0.008594 0.000137 0.999963 
-0.009540 0.016677 0.999815 -0.000932 0.002454 0.999997 -0.000425 -0.000153 1.000000 -0.001207 -0.000136 0.999999 0.002286 0.001302 0.999997 -0.008749 0.000139 0.999962 
-0.009419 0.016465 0.999820 -0.000848 0.002233 0.999997 -0.000372 -0.000134 1.000000 -0.001100 -0.000124 0.999999 0.002298 0.001309 0.999997 -0.008614 0.000137 0.999963 
-0.009309 0.016273 0.999824 -0.000772 0.002033 0.999998 -0.000324 -0.000116 1.000000 -0.001004 -0.000113 0.999999 0.002308 0.001315 0.999996 -0.008490 0.000135 0.999964 
-0.009207 0.016096 0.999828 -0.000702 0.001848 0.999998 -0.000280 -0.000100 1.000000 -0.000916 -0.000103 1.000000 0.002317 0.001320 0.999996 -0.008377 0.000134 0.999965 
-0.009113 0.015930 0.999832 -0.000637 0.001676 0.999998 -0.000239 -0.000086 1.000000 -0.000835 -0.000094 1.000000 0.002325 0.001325 0.999996 -0.008273 0.000132 0.999966 
-0.009029 0.015783 0.999835 -0.000578 0.001523 0.999999 -0.000202 -0.000073 1.000000 -0.000762 -0.000086 1.000000 0.002333 0.001329 0.999996 -0.008180 0.000130 0.999967 
-0.008958 0.015662 0.999837 0.000281 -0.000739 1.000000 0.002015 0.000725 0.999998 -0.001398 -0.000157 0.999999 0.002282 0.001300 0.999997 -0.008242 0.000132 0.999966 
-0.008883 0.015532 0.999840 0.000246 -0.000646 1.000000 0.001834 0.000660 0.999998 -0.001279 -0.000143 0.999999 0.002252 0.001283 0.999997 -0.008138 0.000130 0.999967 
-0.008807 0.015399 0.999843 0.000215 -0.000565 1.000000 0.001670 0.000601 0.999998 -0.001169 -0.000131 0.999999 0.002246 0.001279 0.999997 -0.008041 0.000129 0.999968 
-0.008727 0.015259 0.999845 0.000187 -0.000492 1.000000 0.001521 0.000547 0.999999 -0.001069 -0.000120 0.999999 0.002252 0.001283 0.999997 -0.007948 0.000127 0.999968 
-0.008648 0.015121 0.999848 -0.000043 0.000112 1.000000 0.001392 0.000501 0.999999 -0.001065 -0.000120 0.999999 0.002252 0.001282 0.999997 -0.007773 0.000124 0.999970 
-0.008538 0.014932 0.999852 -0.000032 0.000084 1.000000 0.002412 0.000868 0.999997 -0.001387 -0.000156 0.999999 0.002273 0.001294 0.999997 -0.007500 0.000119 0.999972 
-0.008461 0.014799 0.999855 -0.000034 0.000090 1.000000 0.002191 0.000789 0.999997 -0.001264 -0.000142 0.999999 0.002277 0.001296 0.999997 -0.007442 0.000118 0.999972 
-0.008408 0.014707 0.999856 -0.000033 0.000086 1.000000 0.001992 0.000717 0.999998 -0.001150 -0.000129 0.999999 0.002284 0.001301 0.999997 -0.007405 0.000118 0.999973 
-0.008369 0.014638 0.999858 -0.000031 0.000080 1.000000 0.001808 0.000651 0.999998 -0.001047 -0.000117 0.999999 0.002290 0.001304 0.999997 -0.007378 0.000117 0.999973 
-0.008340 0.014588 0.999859 -0.000028 0.000073 1.000000 0.001644 0.000592 0.999998 -0.000952 -0.000107 1.000000 0.002298 0.001308 0.999997 -0.007360 0.000117 0.999973 
-0.008337 0.014583 0.999859 0.000092 -0.000243 1.000000 0.000806 0.000290 1.000000 -0.000767 -0.000086 1.000000 0.002261 0.001287 0.999997 -0.007655 0.000122 0.999971 
-0.008365 0.014633 0.999858 0.000079 -0.000209 1.000000 0.000742 0.000267 1.000000 -0.000706 -0.000079 1.000000 0.002251 0.001281 0.999997 -0.007647 0.000122 0.999971 
-0.008398 0.014691 0.999857 0.000067 -0.000177 1.000000 0.000685 0.000246 1.000000 -0.000650 -0.000073 1.000000 0.002255 0.001284 0.999997 -0.007649 0.000122 0.999971 
-0.008436 0.014760 0.999855 -0.000378 0.000995 0.999999 -0.000572 -0.000206 1.000000 -0.000624 -0.000070 1.000000 0.002244 0.001277 0.999997 -0.007880 0.000125 0.999969 
-0.008391 0.014682 0.999857 -0.000348 0.000915 1.000000 -0.000504 -0.000181 1.000000 -0.000571 -0.000064 1.000000 0.002268 0.001291 0.999997 -0.007804 0.000124 0.999970 
-0.008341 0.014594 0.999859 -0.000317 0.000833 1.000000 -0.000442 -0.000159 1.000000 -0.000522 -0.000059 1.000000 0.002289 0.001303 0.999997 -0.007730 0.000123 0.999970 
-0.008295 0.014514 0.999860 -0.000287 0.000756 1.000000 -0.000387 -0.000139 1.000000 -0.000478 -0.000054 1.000000 0.002308 0.001314 0.999996 -0.007662 0.000122 0.999971 
-0.008253 0.014439 0.999862 -0.000261 0.000686 1.000000 -0.000338 -0.000122 1.000000 -0.000437 -0.000049 1.000000 0.002328 0.001325 0.999996 -0.007602 0.000121 0.999971 
-0.008214 0.014371 0.999863 -0.000237 0.000624 1.000000 -0.000294 -0.000106 1.000000 -0.000400 -0.000045 1.000000 0.002349 0.001337 0.999996 -0.007547 0.000120 0.999972 
-0.008177 0.014308 0.999864 -0.000215 0.000565 1.000000 -0.000254 -0.000091 1.000000 -0.000366 -0.000041 1.000000 0.002368 0.001348 0.999996 -0.007497 0.000119 0.999972 
-0.008143 0.014248 0.999865 -0.000194 0.000511 1.000000 -0.000215 -0.000077 1.000000 -0.000335 -0.000038 1.000000 0.002387 0.001358 0.999996 -0.007451 0.000119 0.999972 
-0.008114 0.014197 0.999866 -0.000176 0.000464 1.000000 -0.000184 -0.000066 1.000000 -0.000307 -0.000034 1.000000 0.002403 0.001368 0.999996 -0.007410 0.000118 0.999973 
-0.008086 0.014149 0.999867 -0.000160 0.000420 1.000000 -0.000152 -0.000055 1.000000 -0.000282 -0.000032 1.000000 0.002419 0.001377 0.999996 -0.007373 0.000117 0.999973 
-0.008063 0.014108 0.999868 -0.000146 0.000384 1.000000 -0.000125 -0.000045 1.000000 -0.000260 -0.000029 1.000000 0.002433 0.001385 0.999996 -0.007340 0.000117 0.999973 
-0.008041 0.014069 0.999869 -0.000133 0.000350 1.000000 -0.000100 -0.000036 1.000000 -0.000241 -0.000027 1.000000 0.002446 0.001392 0.999996 -0.007310 0.000116 0.999973 
-0.008005 0.014008 0.999870 0.000088 -0.000230 1.000000 0.000895 0.000322 1.000000 -0.000467 -0.000052 1.000000 0.002454 0.001397 0.999996 -0.007182 0.000114 0.999974 
-0.008019 0.014033 0.999869 0.000073 -0.000193 1.000000 0.000823 0.000296 1.000000 -0.000434 -0.000049 1.000000 0.002432 0.001384 0.999996 -0.007183 0.000114 0.999974 
-0.008066 0.014118 0.999868 0.000062 -0.000163 1.000000 0.000757 0.000272 1.000000 -0.000403 -0.000045 1.000000 0.002407 0.001369 0.999996 -0.007212 0.000115 0.999974 
-0.008122 0.014216 0.999866 0.000051 -0.000133 1.000000 0.000698 0.000251 1.000000 -0.000377 -0.000042 1.000000 0.002387 0.001358 0.999996 -0.007249 0.000116 0.999974 
-0.008178 0.014316 0.999864 0.000040 -0.000105 1.000000 0.000644 0.000232 1.000000 -0.000353 -0.000040 1.000000 0.002374 0.001350 0.999996 -0.007289 0.000116 0.999973 
-0.008223 0.014394 0.999863 0.000030 -0.000078 1.000000 0.000595 0.000214 1.000000 -0.000332 -0.000037 1.000000 0.002365 0.001345 0.999996 -0.007320 0.000117 0.999973 
-0.008224 0.014398 0.999863 -0.000428 0.001126 0.999999 0.001034 0.000372 0.999999 -0.000877 -0.000099 1.000000 0.002374 0.001351 0.999996 -0.007213 0.000114 0.999974 
-0.008192 0.014343 0.999864 -0.000349 0.000918 1.000000 0.000351 0.000126 1.000000 -0.000747 -0.000084 1.000000 0.002327 0.001324 0.999996 -0.007428 0.000118 0.999972 
-0.008189 0.014339 0.999864 -0.000314 0.000826 1.000000 0.000324 0.000116 1.000000 -0.000681 -0.000077 1.000000 0.002304 0.001310 0.999996 -0.007407 0.000118 0.999973 
-0.008172 0.014311 0.999864 -0.000192 0.000506 1.000000 0.000471 0.000169 1.000000 -0.000644 -0.000072 1.000000 0.002285 0.001299 0.999997 -0.007384 0.000117 0.999973 
-0.008164 0.014299 0.999864 -0.000172 0.000453 1.000000 0.000430 0.000154 1.000000 -0.000587 -0.000066 1.000000 0.002271 0.001291 0.999997 -0.007364 0.000117 0.999973 
-0.008172 0.014312 0.999864 -0.000152 0.000401 1.000000 0.000393 0.000141 1.000000 -0.000536 -0.000060 1.000000 0.002259 0.001285 0.999997 -0.007358 0.000117 0.999973 
-0.008179 0.014326 0.999864 -0.000135 0.000356 1.000000 0.000362 0.000130 1.000000 -0.000490 -0.000055 1.000000 0.002248 0.001278 0.999997 -0.007353 0.000117 0.999973 
-0.008187 0.014341 0.999864 -0.000119 0.000314 1.000000 0.000335 0.000120 1.000000 -0.000448 -0.000050 1.000000 0.002238 0.001272 0.999997 -0.007349 0.000117 0.999973 
-0.008196 0.014356 0.999863 -0.000107 0.000282 1.000000 0.000309 0.000111 1.000000 -0.000411 -0.000046 1.000000 0.002230 0.001268 0.999997 -0.007346 0.000117 0.999973 
-0.008202 0.014367 0.999863 -0.000096 0.000253 1.000000 0.000286 0.000103 1.000000 -0.000377 -0.000042 1.000000 0.002226 0.001265 0.999997 -0.007342 0.000117 0.999973 
-0.008205 0.014373 0.999863 -0.000087 0.000228 1.000000 0.000265 0.000095 1.000000 -0.000347 -0.000039 1.000000 0.002223 0.001264 0.999997 -0.007337 0.000117 0.999973 
-0.008209 0.014379 0.999863 -0.000077 0.000202 1.000000 0.000246 0.000089 1.000000 -0.000318 -0.000036 1.000000 0.002220 0.001262 0.999997 -0.007333 0.000117 0.999973 
-0.008190 0.014349 0.999864 -0.000075 0.000198 1.000000 0.000085 0.000031 1.000000 -0.000467 -0.000052 1.000000 0.002203 0.001252 0.999997 -0.007495 0.000119 0.999972 
-0.008147 0.014276 0.999865 -0.000585 0.001537 0.999999 0.003050 0.001098 0.999995 -0.001908 -0.000215 0.999998 0.002255 0.001282 0.999997 -0.006910 0.000107 0.999976 
-0.008092 0.014181 0.999867 -0.000902 0.002372 0.999997 0.001483 0.000534 0.999999 -0.001653 -0.000186 0.999999 0.002278 0.001295 0.999997 -0.007130 0.000110 0.999975 
-0.007990 0.014008 0.999870 -0.001317 0.003465 0.999993 0.001113 0.000400 0.999999 -0.001854 -0.000209 0.999998 0.002193 0.001246 0.999997 -0.007037 0.000108 0.999975 
-0.007846 0.013756 0.999875 -0.001194 0.003141 0.999994 0.001013 0.000365 0.999999 -0.001688 -0.000190 0.999999 0.002102 0.001194 0.999997 -0.006902 0.000106 0.999976 
-0.007768 0.013621 0.999877 -0.001077 0.002834 0.999995 0.000921 0.000331 1.000000 -0.001535 -0.000173 0.999999 0.002012 0.001143 0.999997 -0.006823 0.000105 0.999977 
-0.007722 0.013543 0.999878 -0.000973 0.002559 0.999996 0.000838 0.000302 1.000000 -0.001398 -0.000158 0.999999 0.001935 0.001099 0.999998 -0.006772 0.000104 0.999977 
-0.007674 0.013461 0.999880 -0.000879 0.002312 0.999997 0.000765 0.000275 1.000000 -0.001274 -0.000144 0.999999 0.001872 0.001063 0.999998 -0.006722 0.000104 0.999977 
-0.007618 0.013363 0.999882 -0.000792 0.002084 0.999998 0.000697 0.000251 1.000000 -0.001160 -0.000131 0.999999 0.001824 0.001035 0.999998 -0.006670 0.000103 0.999978 
-0.007559 0.013260 0.999884 -0.000714 0.001877 0.999998 0.000635 0.000228 1.000000 -0.001056 -0.000119 0.999999 0.001791 0.001017 0.999998 -0.006618 0.000102 0.999978 
-0.007498 0.013154 0.999885 -0.000642 0.001690 0.999998 0.000580 0.000209 1.000000 -0.000962 -0.000109 1.000000 0.001765 0.001002 0.999998 -0.006566 0.000101 0.999978 
-0.007443 0.013057 0.999887 -0.000578 0.001520 0.999999 0.000532 0.000191 1.000000 -0.000877 -0.000099 1.000000 0.001742 0.000989 0.999998 -0.006519 0.000101 0.999979 
-0.007394 0.012972 0.999889 -0.000521 0.001370 0.999999 0.000488 0.000176 1.000000 -0.000800 -0.000090 1.000000 0.001722 0.000977 0.999998 -0.006476 0.000100 0.999979 
-0.007346 0.012888 0.999890 -0.000467 0.001230 0.999999 0.000448 0.000161 1.000000 -0.000731 -0.000082 1.000000 0.001703 0.000967 0.999998 -0.006435 0.000099 0.999979 
-0.007305 0.012817 0.999891 -0.000420 0.001105 0.999999 0.000411 0.000148 1.000000 -0.000667 -0.000075 1.000000 0.001685 0.000957 0.999998 -0.006401 0.000099 0.999980 
-0.007270 0.012756 0.999892 -0.000377 0.000992 0.999999 0.000377 0.000136 1.000000 -0.000610 -0.000069 1.000000 0.001669 0.000947 0.999998 -0.006370 0.000098 0.999980 
-0.007235 0.012695 0.999893 -0.000339 0.000891 1.000000 0.000348 0.000125 1.000000 -0.000559 -0.000063 1.000000 0.001655 0.000939 0.999998 -0.006340 0.000098 0.999980 
-0.007178 0.012596 0.999895 -0.000320 0.000843 1.000000 0.000357 0.000128 1.000000 -0.000533 -0.000060 1.000000 0.001642 0.000932 0.999998 -0.006281 0.000097 0.999980 
-0.007140 0.012530 0.999896 -0.000285 0.000749 1.000000 0.000329 0.000118 1.000000 -0.000488 -0.000055 1.000000 0.001628 0.000924 0.999998 -0.006250 0.000096 0.999980 
-0.007114 0.012484 0.999897 -0.000254 0.000669 1.000000 0.000305 0.000110 1.000000 -0.000448 -0.000051 1.000000 0.001615 0.000917 0.999998 -0.006228 0.000096 0.999981 
-0.007088 0.012439 0.999898 -0.000226 0.000595 1.000000 0.000282 0.000101 1.000000 -0.000412 -0.000046 1.000000 0.001603 0.000910 0.999998 -0.006207 0.000096 0.999981 
-0.007065 0.012398 0.999898 -0.000201 0.000528 1.000000 0.000263 0.000095 1.000000 -0.000379 -0.000043 1.000000 0.001592 0.000904 0.999998 -0.006187 0.000095 0.999981 
-0.007043 0.012361 0.999899 -0.000179 0.000471 1.000000 0.000245 0.000088 1.000000 -0.000350 -0.000039 1.000000 0.001583 0.000898 0.999998 -0.006168 0.000095 0.999981 
-0.007025 0.012330 0.999899 -0.000159 0.000420 1.000000 0.000228 0.000082 1.000000 -0.000323 -0.000036 1.000000 0.001574 0.000893 0.999998 -0.006153 0.000095 0.999981 
-0.007007 0.012299 0.999900 -0.000143 0.000375 1.000000 0.000214 0.000077 1.000000 -0.000300 -0.000034 1.000000 0.001567 0.000889 0.999998 -0.006137 0.000095 0.999981 
-0.006992 0.012273 0.999900 -0.000127 0.000335 1.000000 0.000201 0.000072 1.000000 -0.000278 -0.000031 1.000000 0.001561 0.000885 0.999998 -0.006124 0.000094 0.999981 
-0.006978 0.012249 0.999901 -0.000113 0.000297 1.000000 0.000189 0.000068 1.000000 -0.000258 -0.000029 1.000000 0.001554 0.000882 0.999998 -0.006111 0.000094 0.999981 
-0.006964 0.012225 0.999901 -0.000100 0.000264 1.000000 0.000178 0.000064 1.000000 -0.000240 -0.000027 1.000000 0.001548 0.000878 0.999998 -0.006099 0.000094 0.999981 
-0.006948 0.012196 0.999901 -0.000089 0.000234 1.000000 0.000168 0.000060 1.000000 -0.000224 -0.000025 1.000000 0.001541 0.000874 0.999998 -0.006084 0.000094 0.999981 
-0.006935 0.012175 0.999902 -0.000144 0.000379 1.000000 -0.000423 -0.000152 1.000000 -0.000210 -0.000024 1.000000 0.001522 0.000863 0.999998 -0.006273 0.000097 0.999980 
-0.006905 0.012123 0.999903 -0.000131 0.000344 1.000000 -0.000367 -0.000132 1.000000 -0.000199 -0.000022 1.000000 0.001547 0.000877 0.999998 -0.006233 0.000096 0.999981 
-0.006877 0.012074 0.999903 -0.000117 0.000309 1.000000 -0.000315 -0.000113 1.000000 -0.000188 -0.000021 1.000000 0.001576 0.000894 0.999998 -0.006199 0.000096 0.999981 
-0.006840 0.012012 0.999904 0.000030 -0.000078 1.000000 0.000282 0.000102 1.000000 -0.000316 -0.000036 1.000000 0.001593 0.000903 0.999998 -0.006119 0.000095 0.999981 
-0.006836 0.012006 0.999905 0.000026 -0.000069 1.000000 0.000268 0.000096 1.000000 -0.000296 -0.000033 1.000000 0.001593 0.000903 0.999998 -0.006105 0.000094 0.999981 
-0.006856 0.012043 0.999904 0.000103 -0.000271 1.000000 -0.000539 -0.000194 1.000000 -0.000158 -0.000018 1.000000 0.001576 0.000894 0.999998 -0.006416 0.000099 0.999979 
-0.006862 0.012052 0.999904 0.000092 -0.000241 1.000000 -0.000475 -0.000171 1.000000 -0.000149 -0.000017 1.000000 0.001622 0.000919 0.999998 -0.006392 0.000099 0.999980 
-0.006861 0.012053 0.999904 0.000060 -0.000157 1.000000 -0.000268 -0.000096 1.000000 -0.000573 -0.000065 1.000000 0.001650 0.000935 0.999998 -0.006604 0.000102 0.999978 
-0.006846 0.012026 0.999904 -0.000193 0.000507 1.000000 0.000336 0.000121 1.000000 -0.000841 -0.000095 1.000000 0.001692 0.000959 0.999998 -0.006363 0.000098 0.999980 
-0.006852 0.012038 0.999904 -0.000172 0.000452 1.000000 0.000311 0.000112 1.000000 -0.000767 -0.000087 1.000000 0.001692 0.000959 0.999998 -0.006339 0.000097 0.999980 
-0.006858 0.012050 0.999904 -0.000075 0.000198 1.000000 0.001108 0.000398 0.999999 -0.001171 -0.000132 0.999999 0.001688 0.000957 0.999998 -0.006370 0.000097 0.999980 
-0.006854 0.012045 0.999904 -0.000063 0.000165 1.000000 0.001009 0.000363 0.999999 -0.001066 -0.000120 0.999999 0.001655 0.000938 0.999998 -0.006331 0.000097 0.999980 
-0.006918 0.012159 0.999902 -0.000054 0.000143 1.000000 0.000920 0.000331 1.000000 -0.000973 -0.000110 1.000000 0.001637 0.000928 0.999998 -0.006353 0.000097 0.999980 
-0.006974 0.012259 0.999901 -0.000045 0.000117 1.000000 0.000840 0.000302 1.000000 -0.000888 -0.000100 1.000000 0.001616 0.000915 0.999998 -0.006370 0.000097 0.999980 
-0.007027 0.012353 0.999899 -0.000037 0.000096 1.000000 0.000768 0.000276 1.000000 -0.000811 -0.000092 1.000000 0.001596 0.000904 0.999998 -0.006387 0.000098 0.999980 
-0.007075 0.012437 0.999898 -0.000031 0.000082 1.000000 0.000704 0.000253 1.000000 -0.000743 -0.000084 1.000000 0.001585 0.000898 0.999998 -0.006404 0.000098 0.999979 
-0.007090 0.012465 0.999897 -0.000016 0.000043 1.000000 0.000243 0.000087 1.000000 -0.000672 -0.000076 1.000000 0.001575 0.000892 0.999998 -0.006569 0.000101 0.999978 
-0.007101 0.012485 0.999897 0.000050 -0.000132 1.000000 0.000489 0.000176 1.000000 -0.000682 -0.000077 1.000000 0.001582 0.000896 0.999998 -0.006530 0.000100 0.999979 
-0.007119 0.012518 0.999896 0.000013 -0.000034 1.000000 0.000656 0.000236 1.000000 -0.000716 -0.000081 1.000000 0.001594 0.000903 0.999998 -0.006475 0.000099 0.999979 
-0.007154 0.012579 0.999895 0.000009 -0.000024 1.000000 0.000608 0.000219 1.000000 -0.000660 -0.000075 1.000000 0.001609 0.000911 0.999998 -0.006483 0.000099 0.999979 
-0.007127 0.012532 0.999896 -0.000543 0.001428 0.999999 0.001816 0.000653 0.999998 -0.001318 -0.000149 0.999999 0.001655 0.000937 0.999998 -0.006051 0.000091 0.999982 
-0.007024 0.012353 0.999899 -0.000937 0.002465 0.999997 0.003720 0.001338 0.999992 -0.002470 -0.000281 0.999997 0.001744 0.000987 0.999998 -0.005753 0.000085 0.999983 
-0.006885 0.012115 0.999903 -0.000929 0.002444 0.999997 0.002546 0.000915 0.999996 -0.002191 -0.000249 0.999998 0.001645 0.000931 0.999998 -0.005917 0.000088 0.999982 
-0.006744 0.011871 0.999907 -0.000835 0.002199 0.999997 0.002304 0.000828 0.999997 -0.001992 -0.000226 0.999998 0.001545 0.000874 0.999998 -0.005797 0.000086 0.999983 
-0.006627 0.011668 0.999910 -0.000680 0.001792 0.999998 0.000609 0.000219 1.000000 -0.001627 -0.000185 0.999999 0.001402 0.000793 0.999999 -0.006230 0.000093 0.999981 
-0.006545 0.011527 0.999912 -0.000601 0.001584 0.999999 0.000927 0.000333 1.000000 -0.001993 -0.000226 0.999998 0.001341 0.000758 0.999999 -0.006340 0.000095 0.999980 
-0.006458 0.011377 0.999914 -0.000541 0.001424 0.999999 0.000842 0.000303 1.000000 -0.001814 -0.000206 0.999998 0.001288 0.000728 0.999999 -0.006201 0.000093 0.999981 
-0.006390 0.011258 0.999916 -0.000484 0.001276 0.999999 0.000769 0.000276 1.000000 -0.001650 -0.000187 0.999999 0.001250 0.000707 0.999999 -0.006085 0.000091 0.999981 
-0.006357 0.011200 0.999917 -0.000529 0.001393 0.999999 -0.000106 -0.000038 1.000000 -0.001440 -0.000164 0.999999 0.001194 0.000675 0.999999 -0.006230 0.000093 0.999981 
-0.006311 0.011119 0.999918 -0.000480 0.001265 0.999999 -0.000075 -0.000027 1.000000 -0.001317 -0.000150 0.999999 0.001215 0.000687 0.999999 -0.006128 0.000092 0.999981 
-0.006236 0.010991 0.999920 -0.000038 0.000101 1.000000 0.001346 0.000483 0.999999 -0.001709 -0.000194 0.999999 0.001200 0.000678 0.999999 -0.006063 0.000091 0.999982 
-0.006233 0.010988 0.999920 -0.000026 0.000069 1.000000 0.001231 0.000442 0.999999 -0.001554 -0.000176 0.999999 0.001190 0.000672 0.999999 -0.006001 0.000090 0.999982 
-0.006287 0.011084 0.999919 -0.000021 0.000055 1.000000 0.001124 0.000404 0.999999 -0.001417 -0.000161 0.999999 0.001171 0.000662 0.999999 -0.005986 0.000089 0.999982 
-0.006362 0.011216 0.999917 -0.000017 0.000046 1.000000 0.001029 0.000369 0.999999 -0.001296 -0.000147 0.999999 0.001141 0.000645 0.999999 -0.005992 0.000090 0.999982 
-0.006356 0.011208 0.999917 0.001084 -0.002854 0.999995 0.003759 0.001352 0.999992 -0.001911 -0.000216 0.999998 0.001191 0.000672 0.999999 -0.006076 0.000091 0.999982 
-0.006389 0.011268 0.999916 0.000980 -0.002580 0.999996 0.003414 0.001227 0.999993 -0.001740 -0.000197 0.999998 0.001240 0.000700 0.999999 -0.006064 0.000091 0.999982 
-0.006486 0.011440 0.999914 0.000884 -0.002327 0.999997 0.003100 0.001115 0.999995 -0.001584 -0.000179 0.999999 0.001315 0.000743 0.999999 -0.006115 0.000092 0.999981 
-0.006615 0.011668 0.999910 0.000767 -0.002020 0.999998 0.002442 0.000878 0.999997 -0.001470 -0.000166 0.999999 0.001394 0.000787 0.999999 -0.006357 0.000096 0.999980 
-0.006749 0.011906 0.999906 0.000556 -0.001463 0.999999 0.001618 0.000581 0.999999 -0.001360 -0.000154 0.999999 0.001369 0.000773 0.999999 -0.006579 0.000099 0.999978 
-0.006859 0.012100 0.999903 0.000496 -0.001307 0.999999 0.001480 0.000532 0.999999 -0.001251 -0.000142 0.999999 0.001355 0.000765 0.999999 -0.006599 0.000099 0.999978 
-0.006975 0.012306 0.999900 0.000504 -0.001328 0.999999 0.002200 0.000791 0.999997 -0.001604 -0.000182 0.999999 0.001367 0.000772 0.999999 -0.006656 0.000099 0.999978 
-0.007110 0.012543 0.999896 0.000450 -0.001185 0.999999 0.002006 0.000721 0.999998 -0.001468 -0.000166 0.999999 0.001385 0.000782 0.999999 -0.006713 0.000100 0.999977 
-0.007247 0.012785 0.999892 0.000402 -0.001059 0.999999 0.001828 0.000657 0.999998 -0.001345 -0.000152 0.999999 0.001393 0.000786 0.999999 -0.006777 0.000101 0.999977 
-0.007388 0.013034 0.999888 0.000358 -0.000942 0.999999 0.001671 0.000600 0.999998 -0.001236 -0.000140 0.999999 0.001402 0.000791 0.999999 -0.006847 0.000102 0.999977 
-0.007513 0.013255 0.999884 0.000320 -0.000842 1.000000 0.001526 0.000549 0.999999 -0.001134 -0.000129 0.999999 0.001418 0.000800 0.999999 -0.006913 0.000103 0.999976 
-0.007529 0.013282 0.999883 -0.000064 0.000168 1.000000 0.002212 0.000795 0.999997 -0.001488 -0.000169 0.999999 0.001462 0.000825 0.999999 -0.006633 0.000098 0.999978 
-0.007539 0.013300 0.999883 -0.000058 0.000152 1.000000 0.002011 0.000723 0.999998 -0.001356 -0.000154 0.999999 0.001490 0.000841 0.999999 -0.006642 0.000098 0.999978 
-0.007557 0.013332 0.999883 -0.000051 0.000133 1.000000 0.001830 0.000658 0.999998 -0.001237 -0.000140 0.999999 0.001512 0.000853 0.999998 -0.006656 0.000098 0.999978 
-0.007580 0.013372 0.999882 -0.000043 0.000114 1.000000 0.001667 0.000599 0.999998 -0.001128 -0.000128 0.999999 0.001526 0.000861 0.999998 -0.006673 0.000099 0.999978 
-0.007612 0.013430 0.999881 -0.000038 0.000099 1.000000 0.001520 0.000546 0.999999 -0.001030 -0.000117 0.999999 0.001535 0.000866 0.999998 -0.006696 0.000099 0.999978 
-0.007651 0.013498 0.999880 -0.000033 0.000087 1.000000 0.001389 0.000499 0.999999 -0.000944 -0.000107 1.000000 0.001540 0.000869 0.999998 -0.006724 0.000099 0.999977 
-0.007628 0.013460 0.999880 -0.000159 0.000418 1.000000 0.002411 0.000867 0.999997 -0.001597 -0.000181 0.999999 0.001537 0.000867 0.999998 -0.006663 0.000098 0.999978 
-0.007594 0.013402 0.999881 -0.000142 0.000374 1.000000 0.002191 0.000787 0.999997 -0.001456 -0.000165 0.999999 0.001510 0.000852 0.999998 -0.006630 0.000097 0.999978 
-0.007577 0.013373 0.999882 -0.000125 0.000329 1.000000 0.001992 0.000716 0.999998 -0.001328 -0.000151 0.999999 0.001491 0.000841 0.999999 -0.006613 0.000097 0.999978 
-0.007591 0.013399 0.999881 -0.000109 0.000287 1.000000 0.001810 0.000651 0.999998 -0.001212 -0.000138 0.999999 0.001484 0.000837 0.999999 -0.006625 0.000097 0.999978 
-0.007629 0.013467 0.999880 -0.000095 0.000251 1.000000 0.001649 0.000593 0.999998 -0.001107 -0.000126 0.999999 0.001479 0.000834 0.999999 -0.006656 0.000098 0.999978 
-0.007661 0.013524 0.999879 -0.000083 0.000219 1.000000 0.001502 0.000540 0.999999 -0.001011 -0.000115 0.999999 0.001477 0.000834 0.999999 -0.006682 0.000098 0.999978 
-0.007660 0.013522 0.999879 -0.000017 0.000044 1.000000 0.002489 0.000895 0.999997 -0.001494 -0.000170 0.999999 0.001494 0.000843 0.999999 -0.006669 0.000097 0.999978 
-0.007649 0.013504 0.999880 -0.000016 0.000041 1.000000 0.002268 0.000816 0.999997 -0.001365 -0.000155 0.999999 0.001500 0.000846 0.999999 -0.006662 0.000097 0.999978 
-0.007657 0.013518 0.999879 -0.000016 0.000043 1.000000 0.002068 0.000744 0.999998 -0.001249 -0.000142 0.999999 0.001499 0.000845 0.999999 -0.006667 0.000097 0.999978 
-0.007680 0.013559 0.999879 -0.000019 0.000049 1.000000 0.001888 0.000679 0.999998 -0.001146 -0.000130 0.999999 0.001498 0.000845 0.999999 -0.006685 0.000098 0.999978 
-0.007719 0.013627 0.999877 -0.000021 0.000056 1.000000 0.001725 0.000620 0.999998 -0.001054 -0.000120 0.999999 0.001498 0.000845 0.999999 -0.006715 0.000098 0.999977 
-0.007665 0.013533 0.999879 -0.000557 0.001467 0.999999 0.003168 0.001138 0.999994 -0.001954 -0.000223 0.999998 0.001528 0.000862 0.999998 -0.006348 0.000091 0.999980 
-0.007571 0.013369 0.999882 -0.000605 0.001594 0.999999 0.002561 0.000920 0.999996 -0.001819 -0.000207 0.999998 0.001500 0.000846 0.999999 -0.006390 0.000092 0.999980 
-0.007472 0.013199 0.999885 -0.000540 0.001423 0.999999 0.002060 0.000740 0.999998 -0.001622 -0.000185 0.999999 0.001368 0.000771 0.999999 -0.006387 0.000092 0.999980 
