0.001046 0.001375 0.999999 0.009096 -0.006862 0.999935 0.009046 -0.006911 0.999935 0.000866 0.001192 0.999999 
0.000948 0.001245 0.999999 0.008213 -0.006195 0.999947 0.008167 -0.006240 0.999947 0.000785 0.001080 0.999999 
0.000849 0.001115 0.999999 0.007390 -0.005575 0.999957 0.007349 -0.005615 0.999957 0.000702 0.000966 0.999999 
0.001622 0.002132 0.999996 0.006479 -0.004886 0.999967 0.006436 -0.004916 0.999967 0.001468 0.002021 0.999997 
0.001600 0.002103 0.999997 0.009221 -0.006951 0.999933 0.009166 -0.006997 0.999934 0.001401 0.001930 0.999997 
0.001013 0.001332 0.999999 0.008844 -0.006667 0.999939 0.008795 -0.006715 0.999939 0.000838 0.001154 0.999999 
0.000816 0.001072 0.999999 0.007890 -0.005948 0.999951 0.007847 -0.005992 0.999951 0.000662 0.000912 0.999999 
0.000657 0.000864 0.999999 0.006472 -0.004878 0.999967 0.006437 -0.004914 0.999967 0.000532 0.000732 1.000000 
0.000541 0.000711 1.000000 0.005863 -0.004420 0.999973 0.005832 -0.004452 0.999973 0.000429 0.000590 1.000000 
-0.000242 -0.000319 1.000000 0.004642 -0.003500 0.999983 0.004623 -0.003530 0.999983 -0.000311 -0.000429 1.000000 
-0.004086 -0.005365 0.999977 0.000828 -0.000625 0.999999 0.000857 -0.000655 0.999999 -0.003978 -0.005473 0.999977 
-0.005044 -0.006622 0.999965 0.000664 -0.000501 1.000000 0.000701 -0.000536 1.000000 -0.004905 -0.006747 0.999965 
-0.008783 -0.011526 0.999895 0.000058 -0.000044 1.000000 0.000128 -0.000098 1.000000 -0.008523 -0.011718 0.999895 
-0.007358 -0.009814 0.999925 0.000062 -0.000046 1.000000 0.000122 -0.000092 1.000000 -0.007138 -0.009976 0.999925 
-0.004890 -0.006520 0.999967 -0.000287 0.000213 1.000000 -0.000245 0.000185 1.000000 -0.004738 -0.006620 0.999967 
-0.004514 -0.006016 0.999972 -0.000220 0.000164 1.000000 -0.000182 0.000137 1.000000 -0.004374 -0.006109 0.999972 
-0.009527 -0.012644 0.999875 0.001902 -0.001420 0.999997 0.001971 -0.001490 0.999997 -0.009272 -0.012894 0.999874 
-0.017374 -0.023069 0.999583 -0.003704 0.002765 0.999989 -0.003546 0.002681 0.999990 -0.016793 -0.023364 0.999586 
-0.021128 -0.028054 0.999383 -0.003311 0.002472 0.999991 -0.003125 0.002363 0.999992 -0.020440 -0.028439 0.999387 
-0.023336 -0.030985 0.999247 -0.002962 0.002212 0.999993 -0.002760 0.002087 0.999994 -0.022587 -0.031426 0.999251 
-0.026751 -0.035518 0.999011 -0.002635 0.001967 0.999995 -0.002406 0.001819 0.999995 -0.025905 -0.036041 0.999015 
-0.029680 -0.039407 0.998782 -0.002353 0.001756 0.999996 -0.002101 0.001589 0.999997 -0.028750 -0.040000 0.998786 
-0.031028 -0.041168 0.998670 -0.002294 0.001714 0.999996 -0.002032 0.001537 0.999997 -0.030059 -0.041793 0.998674 
-0.002539 0.001939 0.999995 -0.000350 0.000736 1.000000 -0.007673 -0.003427 0.999965 0.000946 0.001661 0.999998 -0.030352 -0.039905 0.998742 0.011134 0.016613 0.999800 
-0.002246 0.001715 0.999996 0.001265 -0.002663 0.999996 -0.009860 -0.004397 0.999942 -0.004648 -0.008016 0.999957 -0.028126 -0.036978 0.998920 0.002807 0.004091 0.999988 
-0.002005 0.001531 0.999997 0.000206 -0.000433 1.000000 -0.004605 -0.002052 0.999987 -0.004822 -0.008310 0.999954 -0.025285 -0.033240 0.999128 0.001823 0.002654 0.999995 
-0.001779 0.001358 0.999997 0.000179 -0.000377 1.000000 -0.004493 -0.002001 0.999988 -0.004852 -0.008361 0.999953 -0.025192 -0.033117 0.999134 0.001652 0.002405 0.999996 
-0.001572 0.001201 0.999998 0.000155 -0.000327 1.000000 -0.005198 -0.002313 0.999984 -0.004859 -0.008372 0.999953 -0.025552 -0.033589 0.999109 0.001496 0.002179 0.999997 
-0.001385 0.001057 0.999998 0.000133 -0.000281 1.000000 -0.005294 -0.002356 0.999983 -0.004869 -0.008389 0.999953 -0.025542 -0.033575 0.999110 0.001357 0.001976 0.999997 
-0.001216 0.000928 0.999999 0.000086 -0.000182 1.000000 -0.004834 -0.002152 0.999986 -0.004860 -0.008375 0.999953 -0.025160 -0.033072 0.999136 0.001232 0.001794 0.999998 
-0.001064 0.000813 0.999999 -0.000262 0.000552 1.000000 -0.003968 -0.001768 0.999991 -0.004654 -0.008020 0.999957 -0.024369 -0.032032 0.999190 0.001121 0.001632 0.999998 
-0.000931 0.000711 0.999999 -0.000887 0.001868 0.999998 -0.002832 -0.001262 0.999995 -0.004230 -0.007289 0.999964 -0.023114 -0.030382 0.999271 0.001023 0.001489 0.999998 
-0.000809 0.000618 0.999999 -0.001507 0.003172 0.999994 -0.001500 -0.000669 0.999999 -0.003729 -0.006425 0.999972 -0.021453 -0.028197 0.999372 0.000949 0.001382 0.999999 
-0.000697 0.000532 1.000000 -0.002086 0.004385 0.999988 -0.000214 -0.000096 1.000000 -0.003185 -0.005491 0.999980 -0.019766 -0.025980 0.999467 0.000957 0.001395 0.999999 
-0.000591 0.000451 1.000000 -0.002772 0.005819 0.999979 0.000126 0.000056 1.000000 -0.002470 -0.004272 0.999988 -0.018139 -0.023838 0.999551 0.000932 0.001363 0.999999 
-0.000493 0.000377 1.000000 -0.003500 0.007331 0.999967 -0.000244 -0.000109 1.000000 -0.001752 -0.003047 0.999994 -0.016801 -0.022076 0.999615 0.000820 0.001207 0.999999 
-0.000404 0.000309 1.000000 -0.004055 0.008466 0.999956 -0.000225 -0.000101 1.000000 -0.001153 -0.002016 0.999997 -0.015432 -0.020277 0.999675 0.000761 0.001127 0.999999 
-0.000323 0.000246 1.000000 -0.004572 0.009514 0.999944 -0.000232 -0.000105 1.000000 -0.000558 -0.000980 0.999999 -0.013990 -0.018385 0.999733 0.000704 0.001049 0.999999 
-0.000248 0.000189 1.000000 -0.005020 0.010426 0.999933 -0.000246 -0.000111 1.000000 -0.000023 -0.000040 1.000000 -0.012665 -0.016644 0.999781 0.000655 0.000979 0.999999 
-0.000181 0.000138 1.000000 -0.005372 0.011145 0.999923 -0.000252 -0.000114 1.000000 0.000456 0.000806 1.000000 -0.011374 -0.014947 0.999824 0.000612 0.000918 0.999999 
-0.000123 0.000094 1.000000 -0.005663 0.011748 0.999915 -0.000246 -0.000111 1.000000 0.000892 0.001578 0.999998 -0.010144 -0.013331 0.999860 0.000577 0.000867 0.999999 
-0.000071 0.000054 1.000000 -0.005916 0.012275 0.999907 -0.000251 -0.000114 1.000000 0.001293 0.002292 0.999997 -0.008982 -0.011803 0.999890 0.000543 0.000816 1.000000 
0.002664 -0.002036 0.999994 -0.006172 0.012813 0.999899 -0.000077 -0.000035 1.000000 0.001951 0.003466 0.999992 -0.009879 -0.012970 0.999867 0.000533 0.000804 1.000000 
0.000208 -0.000159 1.000000 -0.006417 0.013314 0.999891 -0.000176 -0.000080 1.000000 0.001745 0.003104 0.999994 -0.010882 -0.014287 0.999839 0.001415 0.002138 0.999997 
0.000178 -0.000136 1.000000 -0.006527 0.013536 0.999887 -0.000438 -0.000199 1.000000 0.001981 0.003530 0.999992 -0.009865 -0.012953 0.999867 0.001274 0.001928 0.999997 
0.000150 -0.000114 1.000000 -0.006618 0.013719 0.999884 -0.000546 -0.000247 1.000000 0.002181 0.003889 0.999990 -0.008960 -0.011764 0.999891 0.001166 0.001767 0.999998 
0.000124 -0.000095 1.000000 -0.006679 0.013842 0.999882 -0.000583 -0.000264 1.000000 0.002341 0.004177 0.999989 -0.008152 -0.010704 0.999909 0.001072 0.001626 0.999998 
0.000102 -0.000078 1.000000 -0.006714 0.013916 0.999881 -0.000622 -0.000282 1.000000 0.002473 0.004416 0.999987 -0.007439 -0.009767 0.999925 0.000988 0.001498 0.999998 
0.000083 -0.000063 1.000000 -0.006723 0.013937 0.999880 -0.000631 -0.000286 1.000000 0.002575 0.004596 0.999986 -0.006812 -0.008944 0.999937 0.000912 0.001384 0.999999 
0.000066 -0.000051 1.000000 -0.006732 0.013957 0.999880 -0.000626 -0.000284 1.000000 0.002662 0.004752 0.999985 -0.006264 -0.008224 0.999947 0.000846 0.001283 0.999999 
0.000050 -0.000038 1.000000 -0.006742 0.013977 0.999880 -0.000634 -0.000287 1.000000 0.002729 0.004872 0.999984 -0.005822 -0.007645 0.999954 0.000786 0.001192 0.999999 
0.000045 -0.000035 1.000000 -0.006742 0.013978 0.999880 -0.000677 -0.000307 1.000000 0.002748 0.004907 0.999984 -0.005602 -0.007355 0.999957 0.000727 0.001103 0.999999 
0.000044 -0.000034 1.000000 -0.006731 0.013956 0.999880 -0.000758 -0.000344 1.000000 0.002731 0.004877 0.999984 -0.005545 -0.007281 0.999958 0.000671 0.001017 0.999999 
0.000045 -0.000034 1.000000 -0.006713 0.013918 0.999881 -0.000862 -0.000391 1.000000 0.002694 0.004811 0.999985 -0.005580 -0.007327 0.999958 0.000616 0.000934 0.999999 
0.000046 -0.000035 1.000000 -0.006689 0.013869 0.999881 -0.000928 -0.000421 0.999999 0.002648 0.004728 0.999985 -0.005635 -0.007399 0.999957 0.000568 0.000862 0.999999 
0.000046 -0.000035 1.000000 -0.006666 0.013820 0.999882 -0.000987 -0.000447 0.999999 0.002604 0.004650 0.999986 -0.005685 -0.007465 0.999956 0.000526 0.000797 1.000000 
0.000046 -0.000035 1.000000 -0.006643 0.013774 0.999883 -0.001039 -0.000471 0.999999 0.002565 0.004579 0.999986 -0.005731 -0.007525 0.999955 0.000487 0.000738 1.000000 
0.000047 -0.000036 1.000000 -0.006622 0.013730 0.999884 -0.001087 -0.000492 0.999999 0.002528 0.004514 0.999987 -0.005773 -0.007580 0.999955 0.000452 0.000685 1.000000 
0.000046 -0.000035 1.000000 -0.006602 0.013688 0.999885 -0.001131 -0.000512 0.999999 0.002494 0.004453 0.999987 -0.005813 -0.007632 0.999954 0.000420 0.000637 1.000000 
0.000047 -0.000036 1.000000 -0.006582 0.013646 0.999885 -0.001172 -0.000531 0.999999 0.002462 0.004396 0.999987 -0.005851 -0.007682 0.999953 0.000391 0.000593 1.000000 
0.002152 -0.001646 0.999996 -0.006489 0.013462 0.999888 -0.001180 -0.000534 0.999999 0.002677 0.004783 0.999985 -0.007177 -0.009419 0.999930 0.000366 0.000556 1.000000 
0.001922 -0.001470 0.999997 -0.006417 0.013313 0.999891 -0.001243 -0.000563 0.999999 0.002590 0.004628 0.999986 -0.007120 -0.009344 0.999931 0.000353 0.000536 1.000000 
0.001718 -0.001314 0.999998 -0.006338 0.013151 0.999893 -0.001293 -0.000585 0.999999 0.002478 0.004426 0.999987 -0.007185 -0.009429 0.999930 0.000342 0.000520 1.000000 
0.001550 -0.001186 0.999998 -0.006259 0.012988 0.999896 -0.001346 -0.000609 0.999999 0.002365 0.004226 0.999988 -0.007272 -0.009544 0.999928 0.000325 0.000494 1.000000 
0.001399 -0.001070 0.999998 -0.006181 0.012827 0.999899 -0.001390 -0.000629 0.999999 0.002260 0.004038 0.999989 -0.007354 -0.009651 0.999926 0.000310 0.000471 1.000000 
0.001263 -0.000966 0.999999 -0.006107 0.012675 0.999901 -0.001430 -0.000647 0.999999 0.002162 0.003864 0.999990 -0.007429 -0.009749 0.999925 0.000296 0.000449 1.000000 
0.001140 -0.000872 0.999999 -0.006040 0.012537 0.999903 -0.001471 -0.000665 0.999999 0.002074 0.003705 0.999991 -0.007500 -0.009843 0.999923 0.000283 0.000429 1.000000 
0.001030 -0.000787 0.999999 -0.005979 0.012410 0.999905 -0.001521 -0.000688 0.999999 0.001995 0.003563 0.999992 -0.007570 -0.009935 0.999922 0.000271 0.000412 1.000000 
0.000929 -0.000711 0.999999 -0.005916 0.012279 0.999907 -0.001584 -0.000717 0.999998 0.001919 0.003429 0.999992 -0.007642 -0.010030 0.999920 0.000260 0.000395 1.000000 
0.000839 -0.000642 0.999999 -0.005847 0.012134 0.999909 -0.001657 -0.000750 0.999998 0.001846 0.003297 0.999993 -0.007716 -0.010126 0.999919 0.000251 0.000381 1.000000 
0.000757 -0.000579 1.000000 -0.005796 0.012026 0.999911 -0.001743 -0.000789 0.999998 0.001786 0.003190 0.999993 -0.007791 -0.010225 0.999917 0.000242 0.000367 1.000000 
0.000683 -0.000523 1.000000 -0.005771 0.011973 0.999912 -0.001839 -0.000833 0.999998 0.001743 0.003114 0.999994 -0.007868 -0.010326 0.999916 0.000234 0.000355 1.000000 
0.000616 -0.000471 1.000000 -0.005757 0.011944 0.999912 -0.001944 -0.000880 0.999998 0.001711 0.003056 0.999994 -0.007943 -0.010425 0.999914 0.000227 0.000344 1.000000 
0.000555 -0.000424 1.000000 -0.005749 0.011928 0.999912 -0.002048 -0.000927 0.999997 0.001684 0.003009 0.999994 -0.008014 -0.010518 0.999913 0.000220 0.000334 1.000000 
0.000499 -0.000382 1.000000 -0.005743 0.011917 0.999912 -0.002141 -0.000969 0.999997 0.001662 0.002969 0.999994 -0.008075 -0.010598 0.999911 0.000214 0.000325 1.000000 
0.000448 -0.000343 1.000000 -0.005740 0.011911 0.999913 -0.002220 -0.001005 0.999997 0.001643 0.002935 0.999994 -0.008127 -0.010667 0.999910 0.000209 0.000317 1.000000 
0.000403 -0.000308 1.000000 -0.005740 0.011910 0.999913 -0.002289 -0.001036 0.999997 0.001627 0.002906 0.999994 -0.008170 -0.010723 0.999909 0.000204 0.000310 1.000000 
0.000361 -0.000276 1.000000 -0.005742 0.011913 0.999913 -0.002348 -0.001063 0.999997 0.001614 0.002883 0.999995 -0.008206 -0.010769 0.999908 0.000200 0.000304 1.000000 
0.000323 -0.000247 1.000000 -0.005745 0.011920 0.999912 -0.002398 -0.001086 0.999997 0.001603 0.002865 0.999995 -0.008235 -0.010808 0.999908 0.000196 0.000298 1.000000 
0.000289 -0.000221 1.000000 -0.005749 0.011928 0.999912 -0.002442 -0.001106 0.999996 0.001595 0.002849 0.999995 -0.008260 -0.010840 0.999907 0.000193 0.000293 1.000000 
0.000258 -0.000197 1.000000 -0.005752 0.011935 0.999912 -0.002483 -0.001124 0.999996 0.001587 0.002834 0.999995 -0.008282 -0.010870 0.999907 0.000190 0.000288 1.000000 
0.000230 -0.000176 1.000000 -0.005754 0.011939 0.999912 -0.002520 -0.001141 0.999996 0.001579 0.002820 0.999995 -0.008304 -0.010899 0.999906 0.000187 0.000284 1.000000 
0.000204 -0.000156 1.000000 -0.005754 0.011939 0.999912 -0.002558 -0.001158 0.999996 0.001570 0.002805 0.999995 -0.008328 -0.010930 0.999906 0.000185 0.000281 1.000000 
0.000181 -0.000138 1.000000 -0.005751 0.011933 0.999912 -0.002597 -0.001176 0.999996 0.001560 0.002787 0.999995 -0.008354 -0.010965 0.999905 0.000183 0.000278 1.000000 
0.000159 -0.000122 1.000000 -0.005744 0.011918 0.999912 -0.002648 -0.001198 0.999996 0.001550 0.002769 0.999995 -0.008386 -0.011006 0.999904 0.000181 0.000275 1.000000 
0.000140 -0.000107 1.000000 -0.005732 0.011893 0.999913 -0.002714 -0.001229 0.999996 0.001539 0.002749 0.999995 -0.008423 -0.011055 0.999903 0.000180 0.000273 1.000000 
0.000123 -0.000094 1.000000 -0.005712 0.011853 0.999913 -0.002788 -0.001262 0.999995 0.001524 0.002722 0.999995 -0.008467 -0.011113 0.999902 0.000178 0.000270 1.000000 
0.000108 -0.000082 1.000000 -0.005687 0.011798 0.999914 -0.002866 -0.001298 0.999995 0.001505 0.002689 0.999995 -0.008518 -0.011180 0.999901 0.000177 0.000268 1.000000 
0.000094 -0.000072 1.000000 -0.005655 0.011733 0.999915 -0.002949 -0.001335 0.999995 0.001484 0.002651 0.999995 -0.008575 -0.011255 0.999900 0.000176 0.000266 1.000000 
0.000081 -0.000062 1.000000 -0.005620 0.011657 0.999916 -0.003035 -0.001374 0.999994 0.001459 0.002607 0.999996 -0.008639 -0.011338 0.999898 0.000174 0.000265 1.000000 
0.000070 -0.000054 1.000000 -0.005580 0.011574 0.999917 -0.003123 -0.001414 0.999994 0.001432 0.002559 0.999996 -0.008707 -0.011427 0.999897 0.000173 0.000263 1.000000 
0.000071 -0.000054 1.000000 -0.005534 0.011478 0.999919 -0.003189 -0.001444 0.999994 0.001401 0.002504 0.999996 -0.008773 -0.011514 0.999895 0.000171 0.000259 1.000000 
0.000071 -0.000054 1.000000 -0.005481 0.011367 0.999920 -0.003262 -0.001477 0.999994 0.001368 0.002444 0.999996 -0.008839 -0.011602 0.999894 0.000169 0.000256 1.000000 
0.000071 -0.000054 1.000000 -0.005423 0.011246 0.999922 -0.003335 -0.001510 0.999993 0.001331 0.002379 0.999996 -0.008909 -0.011693 0.999892 0.000167 0.000253 1.000000 
0.000072 -0.000055 1.000000 -0.005363 0.011120 0.999924 -0.003408 -0.001544 0.999993 0.001294 0.002311 0.999996 -0.008980 -0.011786 0.999890 0.000165 0.000250 1.000000 
0.000072 -0.000055 1.000000 -0.005304 0.010998 0.999925 -0.003481 -0.001577 0.999993 0.001257 0.002246 0.999997 -0.009050 -0.011878 0.999888 0.000163 0.000248 1.000000 
0.000073 -0.000056 1.000000 -0.005245 0.010874 0.999927 -0.003552 -0.001609 0.999992 0.001220 0.002179 0.999997 -0.009121 -0.011971 0.999887 0.000162 0.000245 1.000000 
0.000074 -0.000057 1.000000 -0.005184 0.010746 0.999929 -0.003622 -0.001641 0.999992 0.001181 0.002111 0.999997 -0.009193 -0.012065 0.999885 0.000160 0.000243 1.000000 
0.000075 -0.000057 1.000000 -0.005121 0.010616 0.999931 -0.003692 -0.001673 0.999992 0.001142 0.002040 0.999997 -0.009265 -0.012160 0.999883 0.000159 0.000241 1.000000 
0.000076 -0.000058 1.000000 -0.005058 0.010484 0.999932 -0.003764 -0.001706 0.999991 0.001103 0.001970 0.999997 -0.009338 -0.012256 0.999881 0.000158 0.000239 1.000000 
0.000076 -0.000058 1.000000 -0.004994 0.010351 0.999934 -0.003833 -0.001737 0.999991 0.001062 0.001898 0.999998 -0.009411 -0.012352 0.999879 0.000157 0.000238 1.000000 
0.000077 -0.000059 1.000000 -0.004931 0.010219 0.999936 -0.003900 -0.001768 0.999991 0.001022 0.001826 0.999998 -0.009483 -0.012447 0.999878 0.000156 0.000236 1.000000 
0.000076 -0.000058 1.000000 -0.004867 0.010086 0.999937 -0.003968 -0.001798 0.999991 0.000982 0.001755 0.999998 -0.009555 -0.012540 0.999876 0.000155 0.000235 1.000000 
0.000078 -0.000060 1.000000 -0.004804 0.009954 0.999939 -0.004031 -0.001827 0.999990 0.000942 0.001684 0.999998 -0.009625 -0.012632 0.999874 0.000154 0.000234 1.000000 
0.000078 -0.000059 1.000000 -0.004741 0.009823 0.999941 -0.004094 -0.001856 0.999990 0.000903 0.001613 0.999998 -0.009693 -0.012722 0.999872 0.000153 0.000232 1.000000 
0.000080 -0.000061 1.000000 -0.004679 0.009694 0.999942 -0.004155 -0.001884 0.999990 0.000864 0.001544 0.999998 -0.009761 -0.012811 0.999870 0.000152 0.000231 1.000000 
0.000079 -0.000061 1.000000 -0.004619 0.009569 0.999944 -0.004217 -0.001912 0.999989 0.000826 0.001476 0.999999 -0.009828 -0.012899 0.999868 0.000152 0.000230 1.000000 
0.000079 -0.000061 1.000000 -0.004558 0.009443 0.999945 -0.004269 -0.001936 0.999989 0.000787 0.001407 0.999999 -0.009897 -0.012990 0.999867 0.000154 0.000233 1.000000 
0.000081 -0.000062 1.000000 -0.004499 0.009319 0.999946 -0.004331 -0.001964 0.999989 0.000751 0.001341 0.999999 -0.009963 -0.013077 0.999865 0.000153 0.000232 1.000000 
0.000081 -0.000062 1.000000 -0.004440 0.009197 0.999948 -0.004374 -0.001984 0.999988 0.000713 0.001274 0.999999 -0.010027 -0.013161 0.999863 0.000154 0.000234 1.000000 
0.000081 -0.000062 1.000000 -0.004381 0.009074 0.999949 -0.004429 -0.002009 0.999988 0.000676 0.001207 0.999999 -0.010089 -0.013242 0.999861 0.000153 0.000233 1.000000 
0.000083 -0.000064 1.000000 -0.004328 0.008964 0.999950 -0.004484 -0.002034 0.999988 0.000643 0.001148 0.999999 -0.010149 -0.013320 0.999860 0.000152 0.000231 1.000000 
0.000083 -0.000064 1.000000 -0.004277 0.008857 0.999952 -0.004539 -0.002059 0.999988 0.000610 0.001091 0.999999 -0.010207 -0.013396 0.999858 0.000152 0.000230 1.000000 
0.000083 -0.000064 1.000000 -0.004228 0.008755 0.999953 -0.004592 -0.002083 0.999987 0.000579 0.001034 0.999999 -0.010264 -0.013472 0.999857 0.000151 0.000229 1.000000 
0.000083 -0.000064 1.000000 -0.004180 0.008656 0.999954 -0.004645 -0.002107 0.999987 0.000549 0.000980 0.999999 -0.010321 -0.013547 0.999855 0.000150 0.000228 1.000000 
0.000083 -0.000064 1.000000 -0.004134 0.008560 0.999955 -0.004694 -0.002129 0.999987 0.000519 0.000927 0.999999 -0.010377 -0.013621 0.999853 0.000150 0.000227 1.000000 
0.000084 -0.000064 1.000000 -0.004088 0.008466 0.999956 -0.004744 -0.002152 0.999986 0.000490 0.000875 0.999999 -0.010433 -0.013693 0.999852 0.000149 0.000227 1.000000 
0.000086 -0.000066 1.000000 -0.004043 0.008372 0.999957 -0.004792 -0.002174 0.999986 0.000461 0.000824 1.000000 -0.010487 -0.013765 0.999850 0.000149 0.000225 1.000000 
0.000086 -0.000066 1.000000 -0.003999 0.008279 0.999958 -0.004840 -0.002196 0.999986 0.000432 0.000773 1.000000 -0.010541 -0.013836 0.999849 0.000148 0.000225 1.000000 
0.000086 -0.000066 1.000000 -0.003955 0.008187 0.999959 -0.004887 -0.002217 0.999986 0.000404 0.000721 1.000000 -0.010595 -0.013907 0.999847 0.000148 0.000224 1.000000 
0.000087 -0.000066 1.000000 -0.003911 0.008095 0.999960 -0.004935 -0.002240 0.999985 0.000376 0.000671 1.000000 -0.010649 -0.013977 0.999846 0.000147 0.000224 1.000000 
0.000087 -0.000067 1.000000 -0.003867 0.008004 0.999960 -0.004982 -0.002261 0.999985 0.000347 0.000620 1.000000 -0.010703 -0.014048 0.999844 0.000147 0.000223 1.000000 
0.000088 -0.000067 1.000000 -0.003824 0.007916 0.999961 -0.005024 -0.002280 0.999985 0.000317 0.000566 1.000000 -0.010770 -0.014136 0.999842 0.000148 0.000225 1.000000 
0.000089 -0.000068 1.000000 -0.003781 0.007826 0.999962 -0.005082 -0.002307 0.999984 0.000282 0.000504 1.000000 -0.010859 -0.014253 0.999839 0.000147 0.000224 1.000000 
0.000090 -0.000068 1.000000 -0.003742 0.007744 0.999963 -0.005134 -0.002330 0.999984 0.000243 0.000434 1.000000 -0.010971 -0.014400 0.999836 0.000147 0.000223 1.000000 
0.000091 -0.000069 1.000000 -0.003703 0.007663 0.999964 -0.005160 -0.002342 0.999984 0.000199 0.000355 1.000000 -0.011090 -0.014556 0.999833 0.000147 0.000223 1.000000 
0.000092 -0.000070 1.000000 -0.003657 0.007568 0.999965 -0.005191 -0.002356 0.999984 0.000149 0.000265 1.000000 -0.011222 -0.014729 0.999829 0.000146 0.000222 1.000000 
0.000093 -0.000071 1.000000 -0.003606 0.007463 0.999966 -0.005230 -0.002374 0.999984 0.000094 0.000169 1.000000 -0.011365 -0.014917 0.999824 0.000146 0.000222 1.000000 
0.000094 -0.000072 1.000000 -0.003550 0.007347 0.999967 -0.005274 -0.002394 0.999983 0.000036 0.000065 1.000000 -0.011518 -0.015118 0.999819 0.000146 0.000221 1.000000 
0.000095 -0.000073 1.000000 -0.003489 0.007221 0.999968 -0.005323 -0.002416 0.999983 -0.000026 -0.000047 1.000000 -0.011681 -0.015332 0.999814 0.000146 0.000221 1.000000 
0.000097 -0.000074 1.000000 -0.003423 0.007084 0.999969 -0.005382 -0.002443 0.999983 -0.000092 -0.000164 1.000000 -0.011852 -0.015556 0.999809 0.000146 0.000221 1.000000 
0.000098 -0.000075 1.000000 -0.003353 0.006939 0.999970 -0.005452 -0.002475 0.999982 -0.000159 -0.000284 1.000000 -0.012031 -0.015791 0.999803 0.000145 0.000220 1.000000 
0.000100 -0.000076 1.000000 -0.003281 0.006789 0.999972 -0.005532 -0.002511 0.999982 -0.000228 -0.000407 1.000000 -0.012216 -0.016033 0.999797 0.000145 0.000220 1.000000 
0.000099 -0.000076 1.000000 -0.003205 0.006633 0.999973 -0.005618 -0.002550 0.999981 -0.000298 -0.000532 1.000000 -0.012403 -0.016279 0.999791 0.000145 0.000220 1.000000 
0.000101 -0.000077 1.000000 -0.003129 0.006475 0.999974 -0.005703 -0.002589 0.999980 -0.000370 -0.000660 1.000000 -0.012594 -0.016530 0.999784 0.000145 0.000219 1.000000 
0.000103 -0.000079 1.000000 -0.003052 0.006316 0.999975 -0.005789 -0.002628 0.999980 -0.000441 -0.000786 1.000000 -0.012783 -0.016778 0.999778 0.000144 0.000219 1.000000 
0.000105 -0.000080 1.000000 -0.002975 0.006156 0.999977 -0.005873 -0.002666 0.999979 -0.000511 -0.000912 0.999999 -0.012968 -0.017021 0.999771 0.000144 0.000218 1.000000 
0.000105 -0.000081 1.000000 -0.002897 0.005995 0.999978 -0.005955 -0.002704 0.999979 -0.000582 -0.001038 0.999999 -0.013148 -0.017257 0.999765 0.000144 0.000218 1.000000 
0.000108 -0.000082 1.000000 -0.002819 0.005832 0.999979 -0.006032 -0.002739 0.999978 -0.000652 -0.001164 0.999999 -0.013326 -0.017491 0.999758 0.000143 0.000217 1.000000 
0.000108 -0.000083 1.000000 -0.002740 0.005669 0.999980 -0.006109 -0.002774 0.999977 -0.000722 -0.001288 0.999999 -0.013499 -0.017718 0.999752 0.000143 0.000217 1.000000 
0.000111 -0.000085 1.000000 -0.002661 0.005505 0.999981 -0.006187 -0.002809 0.999977 -0.000791 -0.001411 0.999999 -0.013670 -0.017942 0.999746 0.000143 0.000216 1.000000 
0.000111 -0.000085 1.000000 -0.002581 0.005339 0.999982 -0.006265 -0.002845 0.999976 -0.000860 -0.001535 0.999998 -0.013837 -0.018162 0.999739 0.000142 0.000216 1.000000 
0.000112 -0.000086 1.000000 -0.002501 0.005173 0.999983 -0.006339 -0.002879 0.999976 -0.000929 -0.001658 0.999998 -0.014002 -0.018378 0.999733 0.000142 0.000215 1.000000 
0.000115 -0.000088 1.000000 -0.002422 0.005010 0.999985 -0.006413 -0.002912 0.999975 -0.000996 -0.001777 0.999998 -0.014163 -0.018590 0.999727 0.000142 0.000215 1.000000 
0.000116 -0.000089 1.000000 -0.002345 0.004852 0.999985 -0.006488 -0.002946 0.999975 -0.001062 -0.001894 0.999998 -0.014321 -0.018797 0.999721 0.000142 0.000214 1.000000 
0.000117 -0.000089 1.000000 -0.002271 0.004697 0.999986 -0.006562 -0.002980 0.999974 -0.001126 -0.002008 0.999997 -0.014476 -0.019000 0.999715 0.000141 0.000214 1.000000 
0.000118 -0.000090 1.000000 -0.002197 0.004545 0.999987 -0.006624 -0.003009 0.999974 -0.001190 -0.002124 0.999997 -0.014636 -0.019211 0.999708 0.000143 0.000217 1.000000 
0.000119 -0.000091 1.000000 -0.002127 0.004400 0.999988 -0.006702 -0.003044 0.999973 -0.001250 -0.002230 0.999997 -0.014785 -0.019406 0.999702 0.000143 0.000216 1.000000 
0.000120 -0.000092 1.000000 -0.002058 0.004257 0.999989 -0.006761 -0.003071 0.999972 -0.001311 -0.002339 0.999996 -0.014936 -0.019604 0.999696 0.000145 0.000219 1.000000 
0.000121 -0.000093 1.000000 -0.002062 0.004264 0.999989 -0.006811 -0.003094 0.999972 -0.001354 -0.002415 0.999996 -0.015101 -0.019821 0.999689 0.000124 0.000189 1.000000 
0.000124 -0.000095 1.000000 -0.001990 0.004115 0.999990 -0.006839 -0.003107 0.999972 -0.001417 -0.002527 0.999996 -0.015235 -0.019997 0.999684 0.000126 0.000190 1.000000 
0.000125 -0.000095 1.000000 -0.001917 0.003964 0.999990 -0.006865 -0.003119 0.999972 -0.001484 -0.002647 0.999995 -0.015379 -0.020187 0.999678 0.000127 0.000192 1.000000 
0.000126 -0.000096 1.000000 -0.001844 0.003814 0.999991 -0.006896 -0.003133 0.999971 -0.001553 -0.002768 0.999995 -0.015533 -0.020389 0.999671 0.000128 0.000194 1.000000 
0.000127 -0.000097 1.000000 -0.001771 0.003662 0.999992 -0.006933 -0.003150 0.999971 -0.001622 -0.002891 0.999995 -0.015692 -0.020597 0.999665 0.000129 0.000195 1.000000 
0.000128 -0.000098 1.000000 -0.001697 0.003509 0.999992 -0.006973 -0.003168 0.999971 -0.001691 -0.003015 0.999994 -0.015853 -0.020809 0.999658 0.000130 0.000196 1.000000 
0.000129 -0.000099 1.000000 -0.001624 0.003358 0.999993 -0.007023 -0.003191 0.999970 -0.001759 -0.003135 0.999994 -0.016014 -0.021020 0.999651 0.000131 0.000198 1.000000 
0.000131 -0.000100 1.000000 -0.001552 0.003210 0.999994 -0.007088 -0.003220 0.999970 -0.001823 -0.003249 0.999993 -0.016174 -0.021229 0.999644 0.000131 0.000199 1.000000 
0.000132 -0.000101 1.000000 -0.001482 0.003065 0.999994 -0.007165 -0.003255 0.999969 -0.001885 -0.003359 0.999993 -0.016335 -0.021441 0.999637 0.000132 0.000199 1.000000 
0.000133 -0.000102 1.000000 -0.001411 0.002919 0.999995 -0.007241 -0.003290 0.999968 -0.001949 -0.003471 0.999992 -0.016499 -0.021657 0.999629 0.000132 0.000200 1.000000 
0.000135 -0.000103 1.000000 -0.001340 0.002772 0.999995 -0.007315 -0.003323 0.999968 -0.002012 -0.003585 0.999992 -0.016664 -0.021873 0.999622 0.000133 0.000201 1.000000 
0.000136 -0.000104 1.000000 -0.001270 0.002626 0.999996 -0.007385 -0.003355 0.999967 -0.002076 -0.003699 0.999991 -0.016827 -0.022087 0.999614 0.000133 0.000201 1.000000 
0.000138 -0.000105 1.000000 -0.001199 0.002479 0.999996 -0.007453 -0.003385 0.999966 -0.002140 -0.003812 0.999990 -0.016988 -0.022298 0.999607 0.000133 0.000201 1.000000 
0.000139 -0.000106 1.000000 -0.001129 0.002335 0.999997 -0.007520 -0.003416 0.999966 -0.002203 -0.003923 0.999990 -0.017145 -0.022505 0.999600 0.000133 0.000202 1.000000 
0.000139 -0.000106 1.000000 -0.001061 0.002194 0.999997 -0.007588 -0.003447 0.999965 -0.002264 -0.004032 0.999989 -0.017299 -0.022707 0.999592 0.000134 0.000202 1.000000 
0.000140 -0.000107 1.000000 -0.000994 0.002054 0.999997 -0.007658 -0.003479 0.999965 -0.002324 -0.004139 0.999989 -0.017452 -0.022907 0.999585 0.000134 0.000202 1.000000 
0.000142 -0.000109 1.000000 -0.000927 0.001918 0.999998 -0.007727 -0.003510 0.999964 -0.002383 -0.004242 0.999988 -0.017601 -0.023103 0.999578 0.000134 0.000202 1.000000 
0.000144 -0.000110 1.000000 -0.000863 0.001785 0.999998 -0.007797 -0.003542 0.999963 -0.002439 -0.004343 0.999988 -0.017747 -0.023294 0.999571 0.000134 0.000202 1.000000 
0.000143 -0.000110 1.000000 -0.000801 0.001656 0.999998 -0.007867 -0.003574 0.999963 -0.002494 -0.004440 0.999987 -0.017886 -0.023478 0.999564 0.000134 0.000203 1.000000 
0.000145 -0.000111 1.000000 -0.000740 0.001530 0.999999 -0.007936 -0.003605 0.999962 -0.002547 -0.004535 0.999986 -0.018024 -0.023658 0.999558 0.000134 0.000203 1.000000 
0.000147 -0.000112 1.000000 -0.000682 0.001410 0.999999 -0.008005 -0.003637 0.999961 -0.002597 -0.004624 0.999986 -0.018157 -0.023833 0.999551 0.000134 0.000202 1.000000 
0.000147 -0.000112 1.000000 -0.000626 0.001294 0.999999 -0.008068 -0.003666 0.999961 -0.002648 -0.004715 0.999985 -0.018297 -0.024017 0.999544 0.000137 0.000206 1.000000 
0.000149 -0.000114 1.000000 -0.000572 0.001182 0.999999 -0.008133 -0.003695 0.999960 -0.002697 -0.004801 0.999985 -0.018434 -0.024197 0.999537 0.000138 0.000209 1.000000 
0.000149 -0.000114 1.000000 -0.000519 0.001073 0.999999 -0.008197 -0.003724 0.999959 -0.002744 -0.004886 0.999984 -0.018565 -0.024369 0.999531 0.000140 0.000212 1.000000 
0.000151 -0.000115 1.000000 -0.000466 0.000964 0.999999 -0.008266 -0.003756 0.999959 -0.002789 -0.004964 0.999984 -0.018682 -0.024522 0.999525 0.000140 0.000211 1.000000 
0.000151 -0.000115 1.000000 -0.000418 0.000863 1.000000 -0.008321 -0.003781 0.999958 -0.002833 -0.005043 0.999983 -0.018802 -0.024679 0.999519 0.000141 0.000213 1.000000 
0.000153 -0.000117 1.000000 -0.000370 0.000764 1.000000 -0.008386 -0.003810 0.999958 -0.002874 -0.005116 0.999983 -0.018912 -0.024824 0.999513 0.000140 0.000212 1.000000 
0.000153 -0.000117 1.000000 -0.000325 0.000672 1.000000 -0.008446 -0.003838 0.999957 -0.002913 -0.005185 0.999982 -0.019016 -0.024960 0.999508 0.000139 0.000211 1.000000 
0.000155 -0.000118 1.000000 -0.000364 0.000753 1.000000 -0.008470 -0.003850 0.999957 -0.002931 -0.005218 0.999982 -0.019141 -0.025124 0.999501 0.000119 0.000180 1.000000 
0.000155 -0.000118 1.000000 -0.000312 0.000646 1.000000 -0.008492 -0.003860 0.999956 -0.002980 -0.005304 0.999981 -0.019249 -0.025266 0.999495 0.000121 0.000182 1.000000 
0.000157 -0.000120 1.000000 -0.000259 0.000535 1.000000 -0.008521 -0.003873 0.999956 -0.003031 -0.005394 0.999981 -0.019370 -0.025426 0.999489 0.000122 0.000184 1.000000 
0.000157 -0.000120 1.000000 -0.000205 0.000424 1.000000 -0.008552 -0.003887 0.999956 -0.003082 -0.005485 0.999980 -0.019493 -0.025587 0.999483 0.000123 0.000186 1.000000 
0.000159 -0.000121 1.000000 -0.000150 0.000309 1.000000 -0.008590 -0.003904 0.999955 -0.003135 -0.005579 0.999980 -0.019625 -0.025759 0.999476 0.000124 0.000187 1.000000 
0.000159 -0.000121 1.000000 -0.000094 0.000195 1.000000 -0.008628 -0.003921 0.999955 -0.003189 -0.005673 0.999979 -0.019755 -0.025931 0.999469 0.000125 0.000188 1.000000 
0.000161 -0.000123 1.000000 -0.000038 0.000079 1.000000 -0.008673 -0.003942 0.999955 -0.003242 -0.005767 0.999978 -0.019890 -0.026107 0.999461 0.000126 0.000189 1.000000 
0.000162 -0.000124 1.000000 -0.000020 0.000041 1.000000 -0.008701 -0.003954 0.999954 -0.003283 -0.005838 0.999978 -0.020041 -0.026306 0.999453 0.000126 0.000191 1.000000 
0.000163 -0.000125 1.000000 -0.000018 0.000038 1.000000 -0.008709 -0.003959 0.999954 -0.003315 -0.005893 0.999977 -0.020178 -0.026486 0.999446 0.000127 0.000192 1.000000 
0.000163 -0.000125 1.000000 -0.000017 0.000035 1.000000 -0.008715 -0.003962 0.999954 -0.003346 -0.005947 0.999977 -0.020310 -0.026658 0.999438 0.000129 0.000194 1.000000 
0.000166 -0.000127 1.000000 -0.000014 0.000030 1.000000 -0.008716 -0.003963 0.999954 -0.003383 -0.006011 0.999976 -0.020467 -0.026865 0.999430 0.000131 0.000197 1.000000 
0.000166 -0.000127 1.000000 -0.000015 0.000031 1.000000 -0.008716 -0.003963 0.999954 -0.003420 -0.006075 0.999976 -0.020625 -0.027072 0.999421 0.000132 0.000199 1.000000 
0.000167 -0.000128 1.000000 -0.000014 0.000028 1.000000 -0.008726 -0.003969 0.999954 -0.003460 -0.006146 0.999975 -0.020802 -0.027304 0.999411 0.000133 0.000200 1.000000 
0.000169 -0.000129 1.000000 -0.000012 0.000025 1.000000 -0.008739 -0.003975 0.999954 -0.003510 -0.006235 0.999974 -0.021024 -0.027595 0.999398 0.000134 0.000201 1.000000 
0.000171 -0.000131 1.000000 -0.000011 0.000022 1.000000 -0.008760 -0.003986 0.999954 -0.003570 -0.006341 0.999974 -0.021292 -0.027948 0.999383 0.000134 0.000202 1.000000 
0.000174 -0.000133 1.000000 -0.000010 0.000020 1.000000 -0.008793 -0.004002 0.999953 -0.003638 -0.006462 0.999973 -0.021605 -0.028358 0.999364 0.000135 0.000203 1.000000 
0.000176 -0.000135 1.000000 -0.000008 0.000017 1.000000 -0.008836 -0.004022 0.999953 -0.003714 -0.006595 0.999971 -0.021955 -0.028818 0.999344 0.000135 0.000204 1.000000 
0.000180 -0.000138 1.000000 -0.000007 0.000015 1.000000 -0.008890 -0.004048 0.999952 -0.003800 -0.006748 0.999970 -0.022360 -0.029349 0.999319 0.000135 0.000204 1.000000 
0.000184 -0.000141 1.000000 -0.000006 0.000012 1.000000 -0.008974 -0.004088 0.999951 -0.003889 -0.006907 0.999969 -0.022794 -0.029919 0.999292 0.000136 0.000204 1.000000 
0.000186 -0.000142 1.000000 -0.000004 0.000008 1.000000 -0.009091 -0.004141 0.999950 -0.003938 -0.006994 0.999968 -0.023077 -0.030291 0.999275 0.000136 0.000205 1.000000 
0.000187 -0.000143 1.000000 -0.000002 0.000004 1.000000 -0.009157 -0.004172 0.999949 -0.003960 -0.007033 0.999967 -0.023213 -0.030469 0.999266 0.000136 0.000205 1.000000 
0.000188 -0.000144 1.000000 -0.000001 0.000001 1.000000 -0.009185 -0.004185 0.999949 -0.003982 -0.007071 0.999967 -0.023319 -0.030608 0.999259 0.000136 0.000205 1.000000 
0.000189 -0.000145 1.000000 0.000000 -0.000000 1.000000 -0.009179 -0.004183 0.999949 -0.004010 -0.007120 0.999967 -0.023433 -0.030757 0.999252 0.000136 0.000205 1.000000 
