0.000287 -0.001524 0.999999 0.000237 0.000044 1.000000 0.000228 0.000043 1.000000 0.000252 -0.001524 0.999999 
0.000356 -0.001895 0.999998 -0.000543 -0.000100 1.000000 -0.000554 -0.000105 1.000000 0.000316 -0.001914 0.999998 
0.000405 -0.002155 0.999998 0.000366 0.000067 1.000000 0.000353 0.000067 1.000000 0.000356 -0.002155 0.999998 
0.000485 -0.002578 0.999997 0.002212 0.000406 0.999997 0.002194 0.000416 0.999998 0.000419 -0.002539 0.999997 
0.001320 -0.007025 0.999974 0.004941 0.000906 0.999987 0.004892 0.000928 0.999988 0.001144 -0.006941 0.999975 
0.000970 -0.005164 0.999986 0.007252 0.001330 0.999973 0.007212 0.001368 0.999973 0.000828 -0.005021 0.999987 
0.000858 -0.004568 0.999989 0.006515 0.001195 0.999978 0.006479 0.001229 0.999978 0.000732 -0.004440 0.999990 
0.000726 -0.003866 0.999992 0.005769 0.001058 0.999983 0.005739 0.001089 0.999983 0.000619 -0.003752 0.999993 
0.000554 -0.002951 0.999995 0.004391 0.000805 0.999990 0.004368 0.000828 0.999990 0.000472 -0.002863 0.999996 
0.000150 -0.000801 1.000000 0.000581 0.000107 1.000000 0.000576 0.000109 1.000000 0.000130 -0.000791 1.000000 
-0.000371 0.001974 0.999998 -0.000287 -0.000053 1.000000 -0.000275 -0.000052 1.000000 -0.000326 0.001975 0.999998 
-0.000340 0.001808 0.999998 -0.000280 -0.000051 1.000000 -0.000269 -0.000051 1.000000 -0.000298 0.001809 0.999998 
-0.000198 0.001054 0.999999 -0.000290 -0.000053 1.000000 -0.000283 -0.000054 1.000000 -0.000173 0.001052 0.999999 
-0.000223 0.001233 0.999999 0.000451 0.000079 1.000000 0.000458 0.000084 1.000000 -0.000197 0.001247 0.999999 
-0.000375 0.002073 0.999998 -0.001763 -0.000311 0.999998 -0.001749 -0.000320 0.999998 -0.000323 0.002041 0.999998 
-0.000573 0.003149 0.999995 0.000896 0.000159 1.000000 0.000914 0.000168 1.000000 -0.000506 0.003180 0.999995 
-0.000071 0.000393 1.000000 -0.002021 -0.000358 0.999998 -0.002016 -0.000370 0.999998 -0.000055 0.000349 1.000000 
-0.000063 0.000345 1.000000 -0.001831 -0.000324 0.999998 -0.001827 -0.000335 0.999998 -0.000048 0.000305 1.000000 
-0.000228 0.001275 0.999999 -0.007207 -0.001259 0.999973 -0.007192 -0.001302 0.999973 -0.000175 0.001118 0.999999 
-0.000246 0.001400 0.999999 -0.017107 -0.002930 0.999849 -0.017080 -0.003033 0.999850 -0.000156 0.001022 0.999999 
-0.000887 0.005223 0.999986 -0.038072 -0.006302 0.999255 -0.038001 -0.006530 0.999256 -0.000645 0.004389 0.999990 
-0.000940 0.005627 0.999984 -0.052585 -0.008569 0.998580 -0.052498 -0.008885 0.998582 -0.000645 0.004470 0.999990 
-0.000872 0.005220 0.999986 -0.054894 -0.008944 0.998452 -0.054807 -0.009274 0.998454 -0.000579 0.004009 0.999992 
-0.000800 0.004792 0.999988 -0.049092 -0.007989 0.998762 -0.049014 -0.008285 0.998764 -0.000535 0.003710 0.999993 
0.004429 0.006771 0.999967 -0.032280 -0.001026 0.999478 -0.000790 0.005773 0.999983 -0.065098 0.042363 0.996979 0.002522 0.000932 0.999996 
0.004075 0.006229 0.999972 -0.045504 -0.001249 0.998963 -0.001429 0.010940 0.999939 -0.063562 0.041367 0.997120 -0.011805 -0.004255 0.999921 
0.003671 0.005611 0.999978 -0.078650 -0.001829 0.996901 -0.000888 0.008240 0.999966 -0.067374 0.043852 0.996764 -0.040098 -0.013646 0.999103 
0.003303 0.005050 0.999982 -0.116406 -0.003017 0.993197 0.000015 -0.000163 1.000000 -0.068217 0.044394 0.996682 -0.073644 -0.023740 0.997002 
0.002558 0.003932 0.999989 -0.138365 -0.003056 0.990377 0.000215 -0.002620 0.999997 -0.065536 0.042442 0.996947 -0.096789 -0.029564 0.994866 
0.002275 0.003486 0.999991 -0.143207 -0.001432 0.989692 -0.000091 0.001174 0.999999 -0.063364 0.041167 0.997141 -0.104647 -0.030274 0.994049 
0.002042 0.003129 0.999993 -0.137361 0.000524 0.990521 -0.000579 0.007652 0.999971 -0.059506 0.038672 0.997479 -0.103354 -0.028697 0.994231 
0.001844 0.002825 0.999994 -0.130970 0.001328 0.991385 -0.000800 0.010429 0.999945 -0.056320 0.036612 0.997741 -0.099464 -0.027385 0.994664 
0.001744 0.002672 0.999995 -0.126394 0.001146 0.991979 -0.000750 0.009533 0.999954 -0.055489 0.036075 0.997807 -0.094856 -0.026538 0.995137 
0.001565 0.002397 0.999996 -0.121849 0.000483 0.992548 -0.000536 0.006627 0.999978 -0.054033 0.035131 0.997921 -0.089886 -0.025831 0.995617 
0.001406 0.002153 0.999997 -0.116089 -0.000221 0.993239 -0.000266 0.003191 0.999995 -0.051085 0.033216 0.998142 -0.084295 -0.024863 0.996131 
0.001264 0.001936 0.999997 -0.108191 -0.000530 0.994130 -0.000110 0.001285 0.999999 -0.046475 0.030220 0.998462 -0.078172 -0.023352 0.996666 
0.001135 0.001738 0.999998 -0.098918 -0.000409 0.995095 -0.000046 0.000527 1.000000 -0.040206 0.026145 0.998849 -0.072109 -0.021489 0.997165 
0.001024 0.001568 0.999998 -0.091831 -0.000490 0.995774 0.000218 -0.002443 0.999997 -0.032553 0.021169 0.999246 -0.067746 -0.020245 0.997497 
0.000929 0.001422 0.999999 -0.083778 -0.000555 0.996484 0.000297 -0.003252 0.999995 -0.026086 0.016964 0.999516 -0.062748 -0.018811 0.997852 
0.000842 0.001292 0.999999 -0.075332 -0.000607 0.997158 0.000281 -0.002998 0.999995 -0.020772 0.013483 0.999693 -0.057330 -0.017260 0.998206 
0.000866 0.001346 0.999999 -0.066668 -0.000788 0.997775 0.000327 -0.003248 0.999995 -0.015157 0.009711 0.999838 -0.051581 -0.015767 0.998544 
0.001412 0.002252 0.999996 -0.057511 -0.001067 0.998344 0.000305 -0.002701 0.999996 -0.009209 0.005751 0.999941 -0.045261 -0.014233 0.998874 
0.001700 0.002791 0.999995 -0.048261 -0.001311 0.998834 0.000334 -0.002598 0.999997 -0.004463 0.002708 0.999986 -0.038403 -0.012545 0.999184 
0.002003 0.003377 0.999992 -0.039333 -0.001402 0.999225 0.000559 -0.003915 0.999992 0.000105 -0.000062 1.000000 -0.031308 -0.010628 0.999453 
0.002540 0.004368 0.999987 -0.031148 -0.001372 0.999514 0.000543 -0.003519 0.999994 0.000333 -0.000193 1.000000 -0.023588 -0.008332 0.999687 
0.003252 0.005699 0.999978 -0.022444 -0.001168 0.999747 0.000412 -0.002502 0.999997 0.002128 -0.001210 0.999997 -0.016097 -0.005906 0.999853 
0.004520 0.008158 0.999957 -0.011957 -0.000765 0.999928 0.000353 -0.001971 0.999998 0.007549 -0.004166 0.999963 -0.007734 -0.002968 0.999966 
0.006109 0.011436 0.999916 0.000050 0.000004 1.000000 0.000536 -0.002741 0.999996 0.016301 -0.008676 0.999829 0.001471 0.000590 0.999999 
0.007519 0.014625 0.999865 0.010694 0.000958 0.999942 0.000205 -0.000980 0.999999 0.025633 -0.013136 0.999585 0.008366 0.003488 0.999959 
0.005821 0.011489 0.999917 0.014531 0.001274 0.999894 0.002236 -0.010509 0.999942 0.033059 -0.016696 0.999314 0.010298 0.004313 0.999938 
0.002909 0.005744 0.999979 0.018332 0.001388 0.999831 0.002328 -0.010899 0.999938 0.039479 -0.019918 0.999022 0.007987 0.003282 0.999963 
0.001376 0.002721 0.999995 0.025621 0.001654 0.999670 0.002547 -0.011884 0.999926 0.047532 -0.023943 0.998583 0.009764 0.003926 0.999945 
0.002671 0.005286 0.999982 0.035886 0.002134 0.999354 0.003046 -0.014140 0.999895 0.057373 -0.028889 0.997935 0.017213 0.006826 0.999829 
0.005365 0.010644 0.999929 0.046612 0.002786 0.998909 0.003559 -0.016479 0.999858 0.067200 -0.033798 0.997167 0.026814 0.010592 0.999584 
0.008409 0.016766 0.999824 0.056091 0.003489 0.998420 0.003239 -0.014998 0.999882 0.076714 -0.038460 0.996311 0.034682 0.013696 0.999305 
0.011679 0.023368 0.999659 0.065972 0.004323 0.997812 0.003254 -0.015065 0.999881 0.085856 -0.042990 0.995380 0.043839 0.017328 0.998888 
0.014729 0.029545 0.999455 0.075031 0.005134 0.997168 0.003197 -0.014808 0.999885 0.094238 -0.047184 0.994431 0.052193 0.020638 0.998424 
0.017159 0.034485 0.999258 0.082585 0.005781 0.996567 0.002987 -0.013916 0.999899 0.101303 -0.050738 0.993561 0.058814 0.023232 0.997999 
0.019125 0.038303 0.999083 0.088976 0.006164 0.996015 0.002830 -0.013372 0.999907 0.106708 -0.053730 0.992838 0.064454 0.025336 0.997599 
0.020360 0.040584 0.998969 0.094438 0.006307 0.995511 0.002734 -0.013071 0.999911 0.110871 -0.056165 0.992247 0.068912 0.026896 0.997260 
0.021441 0.042516 0.998866 0.099149 0.006368 0.995052 0.002703 -0.013068 0.999911 0.114150 -0.058195 0.991758 0.072910 0.028268 0.996938 
0.022385 0.044147 0.998774 0.102995 0.006352 0.994662 0.002733 -0.013360 0.999907 0.116650 -0.059850 0.991368 0.076347 0.029418 0.996647 
0.023248 0.045588 0.998690 0.106192 0.006271 0.994326 0.002737 -0.013535 0.999905 0.118602 -0.061250 0.991051 0.079279 0.030351 0.996390 
0.024086 0.046945 0.998607 0.108856 0.006135 0.994039 0.002700 -0.013524 0.999905 0.120167 -0.062481 0.990786 0.081803 0.031092 0.996163 
0.024904 0.048241 0.998525 0.111010 0.005960 0.993801 0.002623 -0.013320 0.999908 0.121371 -0.063540 0.990571 0.083941 0.031658 0.995968 
0.025647 0.049401 0.998450 0.112583 0.005768 0.993626 0.002510 -0.012911 0.999914 0.122103 -0.064324 0.990431 0.085604 0.032052 0.995814 
0.026285 0.050394 0.998383 0.113587 0.005591 0.993512 0.002372 -0.012317 0.999921 0.122386 -0.064801 0.990365 0.086772 0.032296 0.995705 
0.026766 0.051180 0.998331 0.114041 0.005480 0.993461 0.002222 -0.011547 0.999931 0.122257 -0.064923 0.990373 0.087391 0.032420 0.995646 
0.027096 0.051795 0.998290 0.113898 0.005450 0.993478 0.002078 -0.010802 0.999939 0.121772 -0.064695 0.990447 0.087549 0.032463 0.995631 
0.027312 0.052204 0.998263 0.113186 0.005414 0.993559 0.001939 -0.010078 0.999947 0.120886 -0.064231 0.990586 0.087250 0.032350 0.995661 
0.027396 0.052356 0.998253 0.111898 0.005353 0.993705 0.001800 -0.009356 0.999955 0.119572 -0.063532 0.990791 0.086460 0.032055 0.995739 
0.027346 0.052247 0.998260 0.110026 0.005266 0.993915 0.001659 -0.008624 0.999961 0.117822 -0.062596 0.991060 0.085171 0.031577 0.995866 
0.027163 0.051883 0.998284 0.107555 0.005153 0.994186 0.001515 -0.007874 0.999968 0.115625 -0.061418 0.991392 0.083373 0.030910 0.996039 
0.026842 0.051250 0.998325 0.104475 0.005013 0.994515 0.001366 -0.007098 0.999974 0.112971 -0.059991 0.991786 0.081049 0.030048 0.996257 
0.026380 0.050344 0.998383 0.100763 0.004844 0.994899 0.001210 -0.006288 0.999979 0.109844 -0.058308 0.992237 0.078184 0.028986 0.996517 
0.025774 0.049164 0.998458 0.096355 0.004650 0.995336 0.001095 -0.005687 0.999983 0.106213 -0.056355 0.992745 0.074804 0.027741 0.996812 
0.025023 0.047704 0.998548 0.091249 0.004428 0.995818 0.000994 -0.005164 0.999986 0.102074 -0.054130 0.993303 0.070869 0.026293 0.997139 
0.024115 0.045944 0.998653 0.085419 0.004178 0.996336 0.000896 -0.004653 0.999989 0.097401 -0.051621 0.993906 0.066327 0.024627 0.997494 
0.023045 0.043874 0.998771 0.078824 0.003897 0.996881 0.000799 -0.004150 0.999991 0.092168 -0.048816 0.994546 0.061148 0.022729 0.997870 
0.021823 0.041526 0.998899 0.073583 0.003750 0.997282 0.001925 -0.009986 0.999948 0.086421 -0.045730 0.995209 0.059213 0.022119 0.998000 
0.020475 0.038806 0.999037 0.065875 0.003397 0.997822 0.002444 -0.012655 0.999917 0.079923 -0.042396 0.995899 0.054112 0.020281 0.998329 
0.018367 0.034605 0.999232 0.056536 0.002924 0.998396 0.002864 -0.014824 0.999886 0.071146 -0.037889 0.996746 0.047393 0.017870 0.998716 
0.015995 0.029910 0.999425 0.047169 0.002375 0.998884 0.002579 -0.013378 0.999907 0.061663 -0.033023 0.997551 0.039492 0.014941 0.999108 
0.013234 0.024560 0.999611 0.037138 0.001782 0.999309 0.002331 -0.012092 0.999924 0.052161 -0.028100 0.998243 0.030752 0.011643 0.999459 
0.010350 0.019068 0.999765 0.026416 0.001213 0.999650 0.002920 -0.015153 0.999881 0.042983 -0.023291 0.998804 0.022736 0.008610 0.999704 
0.007406 0.013551 0.999881 0.017627 0.000756 0.999844 0.002662 -0.013818 0.999901 0.034356 -0.018724 0.999234 0.014723 0.005555 0.999876 
0.004560 0.008290 0.999955 0.013392 0.000554 0.999910 0.002217 -0.011513 0.999931 0.025509 -0.013981 0.999577 0.010543 0.003963 0.999937 
0.002047 0.003707 0.999991 0.009528 0.000389 0.999955 0.001900 -0.009868 0.999950 0.017320 -0.009528 0.999805 0.007071 0.002652 0.999971 
0.000035 0.000063 1.000000 0.005706 0.000230 0.999984 0.001527 -0.007932 0.999967 0.009220 -0.005086 0.999945 0.004072 0.001524 0.999991 
0.000238 0.000430 1.000000 0.001910 0.000077 0.999998 0.001102 -0.005723 0.999983 0.002523 -0.001391 0.999996 0.002874 0.001076 0.999995 
-0.000005 -0.000010 1.000000 -0.001860 -0.000075 0.999998 0.000981 -0.005093 0.999987 -0.000030 0.000017 1.000000 0.000151 0.000056 1.000000 
-0.000004 -0.000007 1.000000 -0.005469 -0.000220 0.999985 0.000894 -0.004644 0.999989 -0.000099 0.000054 1.000000 -0.003068 -0.001148 0.999995 
-0.000060 -0.000109 1.000000 -0.009592 -0.000388 0.999954 0.000819 -0.004260 0.999991 -0.003096 0.001707 0.999994 -0.005636 -0.002110 0.999982 
0.000509 0.000919 0.999999 -0.012566 -0.000508 0.999921 0.000740 -0.003861 0.999992 -0.004321 0.002382 0.999988 -0.007234 -0.002708 0.999970 
0.000437 0.000790 1.000000 -0.013889 -0.000556 0.999903 0.000678 -0.003548 0.999993 -0.004199 0.002315 0.999989 -0.008606 -0.003217 0.999958 
0.000385 0.000696 1.000000 -0.014360 -0.000569 0.999897 0.000625 -0.003284 0.999994 -0.003981 0.002195 0.999990 -0.009247 -0.003452 0.999951 
0.000356 0.000642 1.000000 -0.014056 -0.000553 0.999901 0.000599 -0.003157 0.999995 -0.003639 0.002007 0.999991 -0.009197 -0.003431 0.999952 
0.000321 0.000581 1.000000 -0.013219 -0.000520 0.999912 0.000561 -0.002954 0.999995 -0.003255 0.001795 0.999993 -0.008734 -0.003258 0.999957 
0.000288 0.000521 1.000000 -0.011800 -0.000465 0.999930 0.000516 -0.002719 0.999996 -0.002908 0.001603 0.999994 -0.007766 -0.002897 0.999966 
0.000270 0.000488 1.000000 -0.009634 -0.000379 0.999954 0.000463 -0.002443 0.999997 -0.002479 0.001367 0.999996 -0.006186 -0.002307 0.999978 
0.000219 0.000396 1.000000 -0.006825 -0.000269 0.999977 0.000400 -0.002109 0.999998 -0.001988 0.001096 0.999997 -0.004133 -0.001542 0.999990 
0.000484 0.000875 1.000000 -0.003665 -0.000145 0.999993 0.000336 -0.001768 0.999998 -0.001260 0.000695 0.999999 -0.001531 -0.000571 0.999999 
0.000701 0.001266 0.999999 -0.001151 -0.000045 0.999999 0.000267 -0.001405 0.999999 0.000540 -0.000298 1.000000 0.000042 0.000016 1.000000 
0.000915 0.001653 0.999998 0.000383 0.000015 1.000000 0.000232 -0.001224 0.999999 0.003579 -0.001973 0.999992 0.000356 0.000133 1.000000 
0.001563 0.002824 0.999995 0.001862 0.000074 0.999998 0.000205 -0.001080 0.999999 0.006511 -0.003588 0.999972 0.001147 0.000428 0.999999 
0.003114 0.005637 0.999979 0.003178 0.000127 0.999995 0.000185 -0.000974 1.000000 0.009113 -0.005014 0.999946 0.002924 0.001092 0.999995 
0.005002 0.009074 0.999946 0.004179 0.000170 0.999991 0.000519 -0.002731 0.999996 0.011608 -0.006374 0.999912 0.005483 0.002054 0.999983 
0.006498 0.011797 0.999909 0.008998 0.000365 0.999959 0.000496 -0.002600 0.999996 0.014022 -0.007695 0.999872 0.010277 0.003852 0.999940 
0.008087 0.014716 0.999859 0.009786 0.000400 0.999952 0.000444 -0.002329 0.999997 0.016257 -0.008903 0.999828 0.011752 0.004410 0.999921 
0.009461 0.017255 0.999806 0.010852 0.000445 0.999941 0.000396 -0.002076 0.999998 0.018357 -0.010033 0.999781 0.013298 0.004991 0.999899 
0.010624 0.019406 0.999755 0.011300 0.000473 0.999936 0.000849 -0.004456 0.999990 0.020394 -0.011132 0.999730 0.014992 0.005632 0.999872 
0.011864 0.021715 0.999694 0.013566 0.000584 0.999908 0.000842 -0.004420 0.999990 0.022451 -0.012233 0.999673 0.017505 0.006582 0.999825 
0.012917 0.023687 0.999636 0.015346 0.000676 0.999882 0.000762 -0.003999 0.999992 0.024077 -0.013098 0.999624 0.019434 0.007313 0.999784 
0.013718 0.025186 0.999589 0.016485 0.000738 0.999864 0.000556 -0.002918 0.999996 0.025189 -0.013689 0.999589 0.020506 0.007717 0.999760 
0.014322 0.026317 0.999551 0.017568 0.000798 0.999845 0.000358 -0.001882 0.999998 0.025920 -0.014076 0.999565 0.021471 0.008084 0.999737 
0.014600 0.026837 0.999533 0.017772 0.000814 0.999842 0.000324 -0.001699 0.999999 0.026096 -0.014168 0.999559 0.021822 0.008220 0.999728 
0.014607 0.026846 0.999533 0.017517 0.000801 0.999846 0.000293 -0.001535 0.999999 0.025857 -0.014039 0.999567 0.021644 0.008153 0.999732 
0.014452 0.026551 0.999543 0.016799 0.000764 0.999859 0.000265 -0.001390 0.999999 0.025302 -0.013743 0.999585 0.021016 0.007914 0.999748 
0.014173 0.026000 0.999561 0.015538 0.000715 0.999879 0.001387 -0.007292 0.999972 0.024394 -0.013268 0.999614 0.021939 0.008280 0.999725 
0.013712 0.025128 0.999590 0.013922 0.000634 0.999903 0.001255 -0.006600 0.999977 0.023215 -0.012638 0.999651 0.020257 0.007642 0.999766 
0.013087 0.023954 0.999627 0.011950 0.000535 0.999928 0.001297 -0.006823 0.999976 0.021832 -0.011897 0.999691 0.018479 0.006966 0.999805 
0.012366 0.022596 0.999668 0.011115 0.000484 0.999938 0.001125 -0.005926 0.999982 0.020297 -0.011077 0.999733 0.017254 0.006491 0.999830 
0.011532 0.021038 0.999712 0.008936 0.000386 0.999960 0.001283 -0.006763 0.999976 0.018760 -0.010253 0.999771 0.015329 0.005763 0.999866 
0.010977 0.020003 0.999740 0.008256 0.000355 0.999966 0.001164 -0.006132 0.999981 0.017324 -0.009478 0.999805 0.014464 0.005434 0.999881 
0.010400 0.018930 0.999767 0.008554 0.000368 0.999963 0.001251 -0.006591 0.999977 0.015891 -0.008701 0.999836 0.014786 0.005555 0.999875 
0.009715 0.017667 0.999797 0.007599 0.000325 0.999971 0.000918 -0.004837 0.999988 0.014561 -0.007980 0.999862 0.013125 0.004926 0.999902 
0.008972 0.016299 0.999827 0.006902 0.000294 0.999976 0.000834 -0.004395 0.999990 0.013235 -0.007260 0.999886 0.012068 0.004527 0.999917 
0.008232 0.014939 0.999855 0.006244 0.000266 0.999980 0.000758 -0.003993 0.999992 0.011980 -0.006578 0.999907 0.011037 0.004138 0.999931 
0.007500 0.013598 0.999879 0.005639 0.000239 0.999984 0.000689 -0.003630 0.999993 0.010830 -0.005952 0.999924 0.010034 0.003760 0.999943 
0.006778 0.012276 0.999902 0.005099 0.000216 0.999987 0.000628 -0.003305 0.999994 0.009811 -0.005396 0.999937 0.009062 0.003394 0.999953 
0.006110 0.011056 0.999920 0.004626 0.000195 0.999989 0.000572 -0.003011 0.999995 0.008927 -0.004914 0.999948 0.008167 0.003058 0.999962 
0.005534 0.010006 0.999935 0.004195 0.000177 0.999991 0.000504 -0.002652 0.999996 0.008182 -0.004507 0.999956 0.007334 0.002744 0.999969 
0.005064 0.009150 0.999945 0.003836 0.000161 0.999993 0.000471 -0.002481 0.999997 0.007581 -0.004178 0.999963 0.006687 0.002501 0.999975 
0.004690 0.008472 0.999953 0.003580 0.000150 0.999994 0.000432 -0.002278 0.999997 0.007133 -0.003933 0.999967 0.006165 0.002306 0.999978 
0.004436 0.008009 0.999958 0.003402 0.000143 0.999994 0.000397 -0.002089 0.999998 0.006845 -0.003776 0.999969 0.005783 0.002162 0.999981 
0.004280 0.007728 0.999961 0.003306 0.000138 0.999995 0.000365 -0.001920 0.999998 0.006723 -0.003709 0.999971 0.005521 0.002064 0.999983 
0.004199 0.007581 0.999962 0.003279 0.000137 0.999995 0.000335 -0.001765 0.999998 0.006735 -0.003716 0.999970 0.005353 0.002002 0.999984 
0.004151 0.007494 0.999963 0.003779 0.000160 0.999993 0.000668 -0.003515 0.999994 0.006843 -0.003775 0.999969 0.006282 0.002352 0.999978 
0.004069 0.007347 0.999965 0.002745 0.000117 0.999996 0.000947 -0.004986 0.999987 0.006946 -0.003831 0.999969 0.005764 0.002159 0.999981 
0.004339 0.007838 0.999960 0.002423 0.000104 0.999997 0.001054 -0.005551 0.999984 0.007101 -0.003915 0.999967 0.005913 0.002216 0.999980 
0.004311 0.007788 0.999960 0.002576 0.000110 0.999997 0.000956 -0.005038 0.999987 0.007267 -0.004007 0.999966 0.005777 0.002165 0.999981 
0.004287 0.007744 0.999961 0.002718 0.000116 0.999996 0.000868 -0.004574 0.999989 0.007421 -0.004092 0.999964 0.005655 0.002119 0.999982 
0.004269 0.007710 0.999961 0.002840 0.000122 0.999996 0.000789 -0.004156 0.999991 0.007553 -0.004165 0.999963 0.005548 0.002079 0.999982 
0.004564 0.008246 0.999956 0.002374 0.000102 0.999997 0.000828 -0.004367 0.999990 0.007695 -0.004243 0.999961 0.005484 0.002055 0.999983 
0.004563 0.008246 0.999956 0.002539 0.000109 0.999997 0.000751 -0.003961 0.999992 0.007822 -0.004311 0.999960 0.005439 0.002039 0.999983 
0.004597 0.008310 0.999955 0.003127 0.000135 0.999995 0.000760 -0.004006 0.999992 0.007981 -0.004398 0.999958 0.005937 0.002226 0.999980 
0.004645 0.008396 0.999954 0.003041 0.000131 0.999995 0.000608 -0.003206 0.999995 0.008115 -0.004471 0.999957 0.005591 0.002095 0.999982 
0.004694 0.008485 0.999953 0.003139 0.000135 0.999995 0.000556 -0.002930 0.999996 0.008196 -0.004517 0.999956 0.005603 0.002100 0.999982 
0.004757 0.008598 0.999952 0.003547 0.000151 0.999994 0.000563 -0.002969 0.999995 0.008270 -0.004557 0.999955 0.006007 0.002249 0.999979 
0.004824 0.008720 0.999950 0.003299 0.000141 0.999995 0.000534 -0.002822 0.999996 0.008338 -0.004595 0.999955 0.005790 0.002169 0.999981 
0.005182 0.009368 0.999943 0.003085 0.000133 0.999995 0.000804 -0.004249 0.999991 0.008448 -0.004654 0.999953 0.006434 0.002411 0.999976 
0.005275 0.009536 0.999941 0.003185 0.000137 0.999995 0.000731 -0.003867 0.999992 0.008503 -0.004685 0.999953 0.006470 0.002424 0.999976 
0.005376 0.009719 0.999938 0.003265 0.000140 0.999995 0.000665 -0.003518 0.999994 0.008527 -0.004699 0.999953 0.006519 0.002443 0.999976 
0.005491 0.009925 0.999936 0.003664 0.000158 0.999993 0.000647 -0.003422 0.999994 0.008548 -0.004711 0.999952 0.006945 0.002603 0.999972 
0.005617 0.010153 0.999933 0.003688 0.000159 0.999993 0.000590 -0.003119 0.999995 0.008545 -0.004709 0.999952 0.006999 0.002623 0.999972 
0.005779 0.010446 0.999929 0.003685 0.000159 0.999993 0.000538 -0.002845 0.999996 0.008486 -0.004676 0.999953 0.007101 0.002661 0.999971 
0.005921 0.010704 0.999925 0.003661 0.000158 0.999993 0.000490 -0.002590 0.999997 0.008384 -0.004620 0.999954 0.007187 0.002694 0.999971 
0.006032 0.010904 0.999922 0.003633 0.000156 0.999993 0.000445 -0.002354 0.999997 0.008279 -0.004562 0.999955 0.007244 0.002715 0.999970 
0.006137 0.011094 0.999920 0.003609 0.000155 0.999993 0.000405 -0.002139 0.999998 0.008184 -0.004510 0.999956 0.007299 0.002736 0.999970 
0.006247 0.011292 0.999917 0.003589 0.000154 0.999994 0.000368 -0.001943 0.999998 0.008103 -0.004465 0.999957 0.007366 0.002761 0.999969 
0.006314 0.011414 0.999915 0.003213 0.000138 0.999995 0.000459 -0.002429 0.999997 0.008044 -0.004433 0.999958 0.007302 0.002736 0.999970 
0.006431 0.011625 0.999912 0.003252 0.000140 0.999995 0.000420 -0.002219 0.999997 0.008024 -0.004421 0.999958 0.007398 0.002772 0.999969 
0.006588 0.011909 0.999907 0.003288 0.000142 0.999995 0.000381 -0.002015 0.999998 0.007998 -0.004407 0.999958 0.007539 0.002825 0.999968 
0.006761 0.012224 0.999902 0.003328 0.000143 0.999994 0.000346 -0.001828 0.999998 0.007984 -0.004400 0.999958 0.007702 0.002887 0.999966 
0.006921 0.012512 0.999898 0.003673 0.000159 0.999993 0.000454 -0.002402 0.999997 0.008010 -0.004413 0.999958 0.008356 0.003133 0.999960 
